instances_kp/10_100_1.txt  
1  1  1  1  1  1  1  0  1  1  
instances_kp/10_100_2.txt  
1  1  1  1  1  1  1  1  0  1  
instances_kp/10_100_3.txt  
1  0  1  1  1  1  1  1  1  0  
instances_kp/10_100_4.txt  
1  1  0  1  1  1  1  1  1  1  
instances_kp/10_100_5.txt  
1  0  1  1  1  1  1  1  0  1  
instances_kp/10_100_6.txt  
1  1  1  1  1  1  1  0  1  1  
instances_kp/10_100_7.txt  
0  1  1  1  1  1  1  1  1  1  
instances_kp/10_100_8.txt  
0  1  1  1  1  1  0  1  1  1  
instances_kp/10_100_9.txt  
0  1  1  1  1  1  0  1  1  1  
instances_kp/10_100_10.txt  
0  1  1  1  0  1  1  1  0  1  
instances_kp/50_100_1.txt  
1  1  1  1  1  1  0  1  1  1  1  1  1  1  1  1  0  1  1  1  0  1  1  1  0  1  1  1  1  1  1  1  1  1  1  1  1  1  1  1  0  0  1  1  1  1  1  0  1  1  
instances_kp/50_100_2.txt  
1  1  1  1  1  1  1  1  0  1  1  1  1  1  1  0  1  1  1  1  1  1  1  1  1  1  1  1  1  1  1  1  1  1  1  0  1  1  1  1  1  1  0  1  1  1  1  1  0  0  
instances_kp/50_100_3.txt  
0  0  0  0  0  0  1  0  0  0  0  0  1  0  1  1  1  1  0  0  0  1  1  1  1  1  0  0  0  0  1  0  1  1  0  1  0  1  0  1  0  0  0  0  0  1  0  1  0  1  
instances_kp/50_100_4.txt  
1  1  1  1  0  0  1  0  1  1  0  0  0  0  1  0  1  0  0  0  0  0  1  1  0  0  0  0  1  0  0  0  1  0  1  0  1  1  0  0  1  1  1  0  1  1  0  0  1  0  
instances_kp/50_100_5.txt  
1  1  1  1  1  1  1  1  1  1  1  1  1  0  1  0  1  1  1  1  1  1  1  1  1  1  0  1  1  1  1  1  1  1  1  0  1  1  1  1  1  1  1  1  1  1  1  1  1  1  
instances_kp/50_100_6.txt  
1  1  1  0  0  1  1  1  0  0  1  1  1  1  1  1  0  1  0  0  1  1  1  1  1  1  1  0  0  0  0  1  1  1  0  1  0  1  1  1  1  1  1  1  1  1  0  1  1  0  
instances_kp/50_100_7.txt  
1  0  0  1  1  1  1  1  1  1  1  1  0  0  1  1  1  1  0  0  0  0  1  0  1  0  1  0  0  1  0  0  0  0  0  0  0  0  0  1  0  1  0  0  0  0  1  1  0  0  
instances_kp/50_100_8.txt  
0  0  1  0  0  1  0  0  0  0  0  0  1  1  1  0  0  1  0  0  0  1  1  0  0  1  1  0  0  0  0  1  1  1  1  1  1  1  1  0  0  1  1  1  1  0  0  1  0  1  
instances_kp/50_100_9.txt  
1  1  1  0  1  1  1  1  1  1  1  1  1  1  1  1  1  1  1  1  1  0  1  1  1  1  1  1  1  1  1  1  0  1  1  1  1  1  1  1  0  1  1  1  1  0  0  1  1  1  
instances_kp/50_100_10.txt  
1  0  0  1  0  0  0  1  1  1  1  1  1  1  1  1  1  0  1  0  0  1  1  1  1  0  1  1  1  1  1  0  0  1  0  0  0  1  1  1  1  0  1  1  1  1  1  1  0  1  
instances_kp/100_100_1.txt  
1  1  1  1  0  1  1  1  1  0  1  1  1  1  1  1  1  1  1  1  1  1  0  1  1  0  1  1  1  0  1  1  1  1  1  1  0  1  1  1  1  1  1  1  1  1  1  0  1  1  1  0  1  1  1  0  1  1  1  0  1  1  1  1  1  1  0  1  1  1  1  1  1  1  1  1  1  1  0  1  1  0  1  1  1  0  1  1  0  1  1  1  1  1  0  1  1  1  1  1  
instances_kp/100_100_2.txt  
1  1  1  1  1  1  1  1  1  0  1  1  1  0  1  1  1  0  1  1  1  1  1  1  0  1  1  1  0  1  1  1  1  1  1  0  1  0  1  1  1  1  1  0  0  1  0  0  1  0  1  1  1  1  1  0  1  1  1  1  1  1  1  1  0  1  0  0  1  1  1  1  1  0  1  0  0  1  1  0  1  1  1  1  1  0  0  1  0  0  0  1  1  1  0  0  1  0  0  0  
instances_kp/100_100_3.txt  
1  1  0  0  0  1  1  1  1  1  1  0  0  1  1  1  1  1  1  1  1  0  1  1  1  1  1  1  1  1  0  1  1  1  1  1  1  1  1  1  0  1  1  1  1  1  1  0  1  1  1  1  0  1  1  0  1  1  0  0  0  1  1  0  1  0  0  0  1  1  1  1  1  1  0  1  0  1  1  1  1  0  0  0  0  1  1  1  0  1  1  1  1  1  1  1  1  1  1  1  
instances_kp/100_100_4.txt  
0  1  0  0  0  0  0  0  0  0  1  0  0  1  0  0  0  1  0  0  0  0  0  0  1  1  0  0  0  0  1  0  0  0  1  1  0  0  0  0  1  1  0  0  0  1  0  0  0  0  0  0  0  0  0  0  0  1  0  1  0  1  0  1  0  1  0  1  0  0  1  1  0  0  1  0  0  0  0  1  0  1  0  1  0  0  0  0  0  0  0  1  1  0  1  1  1  1  1  0  
instances_kp/100_100_5.txt  
1  1  1  1  1  1  1  0  1  1  1  1  1  1  1  1  1  1  1  1  1  0  1  1  1  1  1  1  1  1  1  1  1  1  1  1  1  1  1  1  1  1  1  1  1  1  1  1  1  1  1  1  1  0  1  0  0  1  1  0  1  1  1  0  1  1  1  0  0  1  1  1  1  1  1  1  0  0  1  1  1  1  1  1  1  1  0  1  0  1  1  1  1  0  1  0  0  0  1  1  
instances_kp/100_100_6.txt  
1  0  0  1  1  0  0  1  1  1  1  1  1  0  1  1  1  1  1  1  1  0  1  0  1  0  0  1  0  0  1  0  0  1  1  1  1  1  1  1  1  1  1  1  1  0  1  1  0  0  1  0  1  1  0  0  0  0  0  1  1  1  1  1  0  1  1  1  0  1  1  1  1  1  1  1  0  1  0  1  1  1  1  1  1  1  1  1  0  1  0  1  1  0  1  1  1  1  1  1  
instances_kp/100_100_7.txt  
1  1  1  1  1  1  1  1  1  0  1  1  1  1  1  1  1  1  1  1  1  1  1  1  1  0  1  1  0  1  1  1  1  1  1  1  1  1  1  1  1  0  1  1  1  1  0  1  1  1  1  0  1  0  1  0  1  1  1  1  1  0  1  1  1  1  1  1  1  1  0  1  1  1  1  1  1  1  1  1  1  1  1  0  1  1  1  1  0  0  1  0  1  1  1  1  1  1  1  1  
instances_kp/100_100_8.txt  
0  1  1  1  0  0  0  1  1  0  1  1  1  0  0  0  0  0  0  0  1  0  0  0  0  0  0  0  0  1  0  1  0  0  0  0  0  1  0  0  0  0  0  0  0  0  0  0  0  0  0  1  1  0  1  0  0  0  1  1  0  1  1  0  0  0  0  0  1  0  0  1  1  0  1  0  0  0  1  0  0  0  0  0  0  1  0  1  0  1  0  0  0  1  0  1  0  0  0  0  
instances_kp/100_100_9.txt  
1  1  1  1  0  1  0  0  0  1  0  0  1  1  1  0  1  1  1  1  1  1  1  1  1  1  0  1  1  1  0  0  0  1  1  1  1  1  1  1  1  0  1  0  1  1  1  1  1  1  1  1  1  1  1  0  1  1  1  1  0  1  1  0  1  1  1  1  0  1  1  1  0  1  0  1  1  1  1  1  0  1  1  1  1  1  1  0  0  1  1  1  1  1  1  1  1  1  0  1  
instances_kp/100_100_10.txt  
0  0  0  0  1  0  1  0  0  0  0  0  0  1  0  1  1  0  0  0  0  0  1  0  0  1  0  0  0  1  0  0  1  1  1  0  1  0  0  1  0  1  0  0  1  0  0  0  1  1  0  0  0  0  0  0  1  1  0  0  0  1  0  1  1  1  0  0  1  1  0  0  0  1  0  1  1  0  0  0  0  0  0  1  1  1  0  0  0  1  0  0  0  0  0  1  0  1  0  0  
instances_kp/200_100_1.txt  
0  1  1  1  1  1  1  1  1  1  0  1  1  0  0  1  1  1  1  1  1  1  0  0  1  1  1  1  1  1  1  1  1  0  0  1  1  1  1  1  1  1  1  0  1  0  0  1  1  1  0  0  0  1  1  1  1  1  1  0  1  1  1  1  1  1  1  1  1  1  1  1  0  1  0  1  1  0  0  1  0  0  1  1  0  1  0  0  0  1  1  1  1  0  0  0  1  0  1  1  0  0  0  1  0  1  1  1  1  1  1  1  1  0  1  1  1  0  1  0  1  1  1  1  1  0  0  0  1  1  0  1  1  1  0  1  1  0  0  1  1  1  1  1  1  1  1  1  0  1  1  1  0  1  1  0  0  1  0  1  1  1  1  1  1  0  0  1  1  0  1  0  1  0  1  1  1  1  0  1  1  1  1  1  1  1  0  1  0  1  1  1  1  1  1  0  1  0  0  0  
instances_kp/200_100_2.txt  
0  1  0  0  0  0  1  1  0  0  0  0  0  1  0  1  0  1  0  0  0  0  0  0  1  0  1  1  1  1  0  0  1  0  0  1  0  1  0  0  0  1  1  1  1  0  1  0  0  1  0  0  1  0  0  0  0  0  1  1  0  0  0  0  0  1  1  1  0  0  1  1  1  1  0  1  0  0  0  1  0  1  0  1  1  1  0  1  0  1  0  0  1  0  0  1  1  0  1  1  0  1  0  1  1  1  1  1  1  1  0  0  0  1  1  1  0  0  1  1  0  0  1  1  0  0  1  0  0  1  0  0  1  0  1  1  0  1  0  0  1  1  0  1  0  1  0  1  1  1  1  0  1  1  0  1  0  0  1  1  0  0  0  0  0  0  0  1  0  0  0  0  0  1  1  1  1  1  1  1  1  0  1  1  1  1  1  1  1  0  0  0  0  0  1  1  1  1  1  1  
instances_kp/200_100_3.txt  
0  0  1  0  1  1  0  0  0  0  1  1  1  0  1  0  1  1  1  1  0  0  0  1  0  1  1  1  1  0  1  0  0  1  0  1  0  0  0  1  1  0  0  1  0  0  0  0  0  0  1  1  0  1  0  1  1  0  0  0  1  1  0  0  0  0  0  0  1  0  1  0  1  1  0  1  1  1  1  0  1  1  0  0  0  1  0  1  0  0  1  0  1  1  0  0  0  1  1  0  1  1  0  0  1  0  0  0  0  0  0  0  0  0  1  1  1  1  1  0  1  1  1  0  0  1  1  1  1  1  1  0  0  1  0  1  1  0  1  0  0  1  0  0  1  1  0  1  1  1  0  0  0  1  0  0  0  0  1  0  1  0  1  1  1  1  1  0  0  0  1  0  1  1  1  1  1  1  0  1  1  1  0  0  0  0  1  0  1  1  1  1  0  0  1  1  0  0  1  0  
instances_kp/200_100_4.txt  
1  1  1  1  0  1  1  1  1  1  1  1  1  1  1  1  1  1  1  1  0  1  1  0  1  1  1  1  1  1  1  1  0  1  1  1  1  1  1  1  1  1  1  1  1  1  1  1  1  1  1  1  1  1  1  1  1  1  1  1  1  1  1  0  1  0  1  1  1  1  1  1  1  1  0  1  1  1  1  1  1  1  1  1  1  1  1  1  1  1  1  1  1  1  1  1  1  0  1  1  0  1  1  1  1  1  1  1  1  1  1  1  0  1  0  1  1  1  1  1  1  1  1  1  1  1  1  1  1  1  1  0  1  0  1  1  1  1  1  1  0  1  1  1  1  1  1  1  1  1  0  1  1  1  1  1  1  1  1  0  1  1  1  1  1  1  1  1  1  1  0  1  1  1  1  1  1  1  0  1  1  1  1  1  0  1  1  1  1  1  1  1  0  1  1  1  1  1  1  1  
instances_kp/200_100_5.txt  
1  1  1  1  1  1  0  0  1  0  0  0  0  1  1  1  0  0  1  1  0  0  1  1  0  0  1  1  1  1  1  1  1  1  1  0  1  1  1  0  1  0  1  0  0  0  0  1  0  1  1  0  0  1  0  1  1  0  1  1  1  1  0  1  1  1  1  1  1  1  1  1  1  0  0  1  1  1  0  1  1  1  1  0  0  0  0  1  0  0  1  1  1  1  0  1  1  1  1  1  1  1  0  1  0  1  0  1  0  1  0  1  1  1  1  1  0  1  1  1  0  1  1  1  1  0  0  0  1  1  1  1  1  1  0  1  1  1  1  1  1  1  1  1  1  1  1  0  0  1  1  1  0  1  0  0  0  1  0  0  1  0  1  0  0  1  0  1  0  0  1  0  0  0  1  1  0  1  1  0  0  0  1  1  0  1  0  1  1  1  0  1  1  0  1  1  1  1  1  1  
instances_kp/200_100_6.txt  
1  0  0  0  0  0  0  0  0  0  0  1  0  0  0  0  0  0  0  0  0  0  0  1  0  1  1  0  0  1  0  0  0  0  0  0  0  0  1  0  0  0  0  0  0  0  0  0  1  0  0  0  0  0  0  0  1  1  0  1  0  0  1  0  0  1  1  0  1  0  0  0  0  0  1  0  1  0  1  0  0  0  0  0  0  0  0  1  0  0  0  0  0  0  1  0  0  1  0  0  0  1  0  0  0  0  0  1  1  0  0  0  0  0  0  1  0  0  0  0  0  0  0  0  0  0  0  1  0  0  0  0  0  0  0  0  0  0  0  1  0  0  0  0  1  0  1  1  0  1  0  0  0  0  0  0  0  1  1  0  0  0  0  0  1  0  0  1  1  0  0  1  1  0  0  0  0  0  1  0  0  0  0  1  0  0  0  0  0  1  1  0  0  1  0  0  0  0  0  0  
instances_kp/200_100_7.txt  
0  0  1  1  1  0  1  1  0  0  1  1  1  0  1  0  1  1  1  1  0  1  0  0  1  1  1  1  1  1  0  1  1  1  1  0  1  1  0  1  1  1  1  1  1  1  1  1  1  1  0  0  1  0  1  1  1  1  1  1  1  1  0  1  1  1  1  1  1  1  1  1  1  1  0  1  1  1  1  0  0  1  1  1  1  1  1  1  1  1  1  0  1  1  1  1  1  0  1  0  1  1  1  0  1  0  1  0  0  0  1  1  1  1  1  1  1  1  1  1  0  1  1  1  0  1  1  1  1  1  1  1  0  0  0  1  0  1  1  0  1  1  1  1  0  0  0  0  1  1  1  0  1  1  0  1  0  1  1  1  1  1  1  1  1  1  1  1  0  1  1  1  1  1  1  1  1  1  0  1  1  1  1  0  0  1  1  1  1  0  1  1  0  1  0  1  1  0  0  0  
instances_kp/200_100_8.txt  
1  1  1  1  1  1  1  1  1  0  1  1  1  1  1  1  1  1  1  1  1  0  0  1  1  1  0  1  1  0  1  1  1  1  0  0  1  1  1  0  1  0  1  1  1  1  1  1  1  0  1  0  1  1  1  1  0  0  1  0  1  0  0  1  0  0  0  0  1  1  0  0  1  0  1  1  1  0  0  1  1  0  1  0  0  0  0  1  0  1  1  1  0  1  0  1  1  1  1  1  0  1  0  0  1  1  0  1  1  1  1  1  1  0  1  1  1  1  0  0  1  1  0  0  0  1  1  1  1  1  1  0  1  1  1  1  1  0  1  0  1  1  1  1  1  1  1  1  1  1  1  1  1  1  1  0  1  0  1  0  1  1  1  1  1  1  1  1  1  0  1  1  1  1  1  1  1  0  1  1  1  1  1  1  1  1  0  0  1  0  0  1  0  1  0  1  1  1  1  1  
instances_kp/200_100_9.txt  
1  1  1  1  1  1  1  0  1  1  1  1  0  0  1  1  0  1  1  1  1  1  1  1  1  1  0  1  1  1  0  0  1  1  1  1  1  1  1  1  1  1  1  0  1  1  1  1  1  1  0  1  0  0  1  1  0  1  1  1  1  1  1  1  1  1  1  1  1  1  1  1  1  1  1  1  1  1  1  1  1  1  1  1  0  1  1  1  0  1  1  1  1  1  1  1  0  1  1  1  1  1  1  1  1  0  1  1  1  1  1  1  1  1  1  1  1  1  0  1  1  1  0  1  1  1  1  1  0  0  1  1  1  0  1  1  1  1  1  1  1  1  1  1  1  1  1  0  1  1  1  1  0  1  1  1  1  1  1  1  1  0  1  1  1  1  1  0  1  1  1  1  0  1  1  1  1  1  1  1  0  1  1  1  1  1  1  1  1  1  1  1  1  1  1  1  1  1  1  1  
instances_kp/200_100_10.txt  
1  0  0  1  1  1  0  0  1  0  1  0  0  1  0  1  1  0  1  1  1  1  0  1  0  1  1  1  1  1  0  1  1  0  0  0  0  0  1  1  1  0  1  1  0  0  1  1  0  0  0  1  1  0  0  1  0  1  1  0  1  1  0  0  1  1  0  1  1  0  0  1  1  0  1  0  1  1  1  0  1  0  0  1  1  1  0  0  0  0  0  1  1  1  1  1  0  1  0  1  1  1  1  1  0  1  1  1  1  1  1  0  1  1  0  0  1  1  1  1  0  1  0  0  1  0  0  0  1  1  1  0  1  1  1  1  0  0  1  1  1  1  0  1  1  0  1  1  0  1  0  0  1  0  1  1  1  1  1  1  0  1  1  0  0  0  1  1  1  0  1  1  0  1  1  1  1  1  0  0  0  1  0  1  0  0  1  1  0  1  1  1  0  0  1  0  1  1  1  1  
instances_kp/300_100_1.txt  
1  1  0  1  1  1  1  1  1  1  1  1  1  1  1  1  1  1  1  0  1  1  1  1  1  1  1  0  1  1  1  1  1  1  1  1  1  1  1  1  1  1  1  1  1  1  1  1  1  1  1  1  1  0  1  1  1  1  1  1  0  1  1  1  1  1  1  1  1  1  1  1  1  1  1  1  1  1  1  1  1  1  1  1  1  1  1  1  1  1  1  1  1  1  1  1  1  1  1  1  1  1  1  1  1  1  1  1  1  1  1  1  1  1  1  1  1  1  1  1  1  1  1  1  1  1  1  1  1  1  1  1  1  1  1  1  1  1  0  1  1  1  1  1  1  1  1  1  1  1  1  0  1  1  1  1  1  1  1  1  1  1  1  1  1  1  1  0  1  1  1  1  1  1  1  1  1  1  1  1  1  1  1  1  1  1  1  1  1  1  1  1  0  1  1  1  1  1  1  1  1  1  1  1  1  1  1  1  1  1  1  1  1  1  1  1  1  1  1  1  1  1  1  0  1  1  0  1  1  1  1  1  1  1  1  1  1  1  1  1  1  1  1  1  1  1  1  1  1  1  1  1  1  1  1  1  1  0  1  1  1  1  1  1  1  1  1  1  1  1  1  1  1  1  1  1  1  1  1  1  1  1  1  1  1  1  1  1  1  1  1  1  1  1  1  1  1  1  1  1  
instances_kp/300_100_2.txt  
0  1  1  1  1  1  1  1  1  0  1  1  1  0  1  1  1  1  1  1  1  0  1  0  1  0  1  1  1  0  0  1  0  1  1  0  1  0  0  1  1  1  1  0  0  1  1  1  1  1  1  0  1  1  1  0  0  0  1  1  1  1  1  1  1  0  1  1  1  1  1  0  1  1  0  1  0  1  1  1  1  1  1  1  1  1  1  0  1  0  1  1  1  0  1  1  0  1  0  1  1  1  1  0  0  1  1  0  1  0  1  0  1  1  1  1  1  0  1  1  1  0  1  1  1  0  1  1  1  1  1  1  0  1  1  1  0  0  0  0  1  1  1  1  0  0  1  1  0  1  0  1  1  1  1  0  1  1  1  1  0  1  1  0  1  1  0  1  1  1  1  1  1  1  0  0  1  0  1  1  1  1  1  1  1  0  0  0  1  1  1  1  1  1  1  1  1  0  1  1  1  0  0  1  1  0  1  0  1  1  1  0  1  1  0  1  1  1  1  1  1  1  0  0  0  1  0  1  0  0  1  1  1  1  1  0  1  0  1  1  1  0  1  0  0  1  0  1  0  0  1  1  0  1  1  1  0  1  1  1  1  1  0  1  1  1  1  1  0  0  0  1  1  0  1  1  1  1  1  1  1  1  1  0  1  0  1  0  1  1  0  1  1  1  1  1  1  1  0  1  
instances_kp/300_100_3.txt  
0  1  1  0  0  1  1  1  1  1  0  1  1  0  0  1  0  1  1  1  1  1  1  1  1  1  1  0  0  1  1  1  1  0  1  1  1  0  0  1  1  1  0  1  1  0  0  1  1  1  0  0  1  1  1  1  1  1  0  1  1  1  1  1  1  1  1  1  1  1  1  1  1  1  1  1  1  1  0  1  1  1  1  1  1  1  1  1  1  1  0  1  1  1  1  1  1  1  0  1  1  0  1  1  1  1  1  1  0  0  0  1  1  1  1  0  1  1  1  1  1  1  1  0  1  1  1  1  1  1  1  1  1  1  0  1  1  1  1  0  1  1  1  1  1  1  1  0  1  0  1  1  1  1  1  0  1  0  1  1  1  1  1  1  1  1  1  1  1  1  1  0  1  1  0  1  1  1  1  1  1  1  1  0  1  1  1  1  1  1  1  1  0  0  1  1  1  1  1  0  1  1  1  1  1  1  1  1  1  1  1  0  1  1  0  1  1  0  0  1  0  1  1  1  1  1  1  1  1  1  1  1  1  1  1  1  1  1  1  0  0  1  1  1  1  0  1  1  1  1  0  1  1  1  1  1  0  0  0  1  1  1  1  1  1  0  1  1  1  1  1  1  1  1  0  1  1  1  1  1  1  1  1  1  1  0  1  1  0  1  1  0  1  1  0  1  1  1  1  1  
instances_kp/300_100_4.txt  
1  1  1  1  1  1  1  1  1  1  1  1  1  1  1  1  1  1  1  1  1  1  1  1  1  1  1  1  1  1  1  1  1  1  1  1  1  1  1  1  1  1  1  1  1  1  1  1  1  1  1  1  1  1  1  1  1  0  1  1  1  1  1  1  1  1  1  1  1  1  1  1  1  1  1  0  1  1  1  1  1  1  1  1  1  1  1  1  1  1  1  1  1  1  1  1  1  1  1  1  1  1  1  1  1  1  1  1  1  1  1  1  1  1  1  1  1  1  1  1  1  1  1  1  1  1  1  1  1  1  1  1  1  1  1  1  1  1  1  1  0  1  1  1  1  1  1  1  1  1  1  1  1  1  1  1  1  1  1  1  1  1  1  1  0  1  1  1  1  1  1  1  1  1  1  1  1  1  1  1  0  1  1  1  1  1  1  1  1  1  1  1  1  1  1  1  1  1  1  1  1  1  1  1  1  1  1  1  0  1  1  0  1  1  0  1  1  1  1  1  1  1  1  1  1  1  1  1  1  1  1  1  1  1  1  1  1  1  1  1  1  1  0  1  1  1  1  1  1  1  1  1  1  1  1  1  1  1  1  1  1  1  1  1  1  1  0  1  1  1  1  1  1  1  1  1  1  1  1  1  1  1  1  1  1  1  1  1  1  1  1  1  1  1  1  1  1  1  1  1  
instances_kp/300_100_5.txt  
1  1  1  1  1  1  1  1  1  1  1  1  1  1  1  1  1  0  1  0  1  1  1  1  1  1  1  1  1  1  1  1  1  1  0  1  1  1  1  1  1  1  1  1  1  1  1  1  1  1  1  1  1  1  1  1  1  1  1  1  1  1  1  1  1  1  0  1  1  1  0  1  1  1  1  0  1  1  1  0  0  1  1  1  1  1  1  1  1  1  0  1  1  1  1  0  1  1  1  1  1  1  1  1  1  1  1  1  0  1  1  1  1  1  1  1  1  1  1  1  1  1  1  1  1  1  1  1  1  1  1  1  1  1  1  0  1  1  1  1  1  1  1  1  1  1  1  1  1  1  1  0  0  1  1  1  1  1  1  1  1  1  1  1  1  1  1  1  1  1  0  1  0  1  1  1  1  0  1  1  1  1  1  1  1  1  1  1  0  1  1  1  0  1  1  1  1  1  1  1  1  1  1  0  1  1  1  1  1  1  0  1  1  1  1  1  1  1  1  1  1  1  1  1  1  1  1  1  1  1  1  0  1  1  1  1  1  1  1  1  1  1  1  1  1  1  1  1  1  1  1  0  1  1  1  1  1  1  0  1  1  1  1  1  1  1  1  1  1  1  0  1  1  1  1  1  1  1  1  1  1  1  1  1  1  1  1  1  1  1  1  1  1  1  1  1  1  1  1  1  
instances_kp/300_100_6.txt  
0  0  1  0  1  1  0  1  0  0  0  0  0  0  0  0  0  1  1  0  0  1  1  1  0  0  0  1  1  1  1  0  1  0  1  0  1  0  1  0  1  0  1  0  0  0  1  0  1  1  0  0  0  0  1  0  0  1  0  0  0  0  0  1  0  0  0  0  0  0  0  0  1  0  0  0  1  1  0  0  0  0  1  0  0  0  1  1  0  1  1  1  1  1  0  1  1  1  0  1  0  1  1  0  0  1  1  0  1  1  0  1  1  0  0  0  1  0  1  1  0  1  0  0  1  0  1  0  0  0  1  0  1  0  0  0  1  1  0  1  0  1  1  0  0  0  1  0  0  1  0  0  0  0  1  0  1  0  1  1  0  0  0  1  0  0  0  1  1  0  1  1  0  0  1  0  1  1  0  0  0  1  0  0  1  0  0  0  0  0  1  1  0  1  0  0  0  1  1  0  1  1  0  0  0  0  1  0  1  0  1  1  1  0  1  1  1  0  0  0  1  1  0  1  0  0  0  0  1  1  1  1  1  0  0  0  0  1  1  0  1  0  1  1  0  0  0  0  1  0  0  0  0  1  1  0  0  0  1  1  1  1  0  0  1  0  0  1  0  0  0  1  1  1  1  0  0  0  1  0  1  0  0  1  0  0  1  0  1  0  1  1  1  1  0  0  1  1  0  1  
instances_kp/300_100_7.txt  
0  0  0  0  0  1  0  1  1  0  0  1  0  1  0  0  1  1  0  0  0  0  0  0  0  0  0  0  0  0  0  1  0  0  0  0  0  0  0  1  0  0  1  0  1  0  1  0  0  0  0  1  1  1  0  0  1  0  1  1  1  0  1  0  0  0  1  0  0  0  1  0  0  1  0  0  0  0  0  1  0  1  0  1  0  0  1  0  0  0  1  0  0  0  1  0  0  0  0  1  0  1  1  0  1  0  0  1  1  1  0  0  1  1  1  0  0  1  1  0  1  0  1  1  1  0  1  0  0  1  0  0  1  1  0  0  0  0  0  0  0  0  0  0  0  0  1  0  0  1  0  0  1  0  1  0  0  1  0  1  0  0  0  0  1  0  1  1  1  0  1  0  1  1  1  0  0  0  1  0  0  0  0  0  1  0  0  0  1  0  1  1  0  0  0  1  0  1  1  1  0  0  0  0  1  0  1  1  0  0  1  1  0  1  0  1  0  0  0  1  0  1  1  1  0  1  1  0  0  0  1  0  1  0  0  0  0  0  0  0  0  0  1  0  0  0  1  0  1  1  0  1  1  1  0  0  1  1  1  0  0  0  1  1  1  1  0  1  0  1  0  1  0  0  1  1  1  1  1  0  0  0  0  0  0  0  0  1  0  0  0  1  1  1  0  1  0  1  1  1  
instances_kp/300_100_8.txt  
0  1  0  1  1  0  0  0  1  0  1  1  0  0  1  1  0  1  1  0  0  1  1  0  1  0  0  1  1  1  1  1  1  1  0  0  0  1  0  1  1  1  0  0  0  0  1  0  0  1  1  0  0  0  0  0  1  0  1  1  0  1  1  1  1  1  0  1  0  1  0  0  0  0  0  0  1  1  1  1  1  0  1  0  1  1  1  0  0  1  0  1  0  1  0  1  0  0  0  0  1  1  1  1  1  1  0  1  1  1  1  1  1  0  1  1  1  0  1  0  1  0  1  0  1  1  0  1  0  0  1  1  0  0  1  1  1  0  1  0  1  1  1  1  0  1  1  1  1  1  1  1  0  1  1  1  1  1  0  0  1  1  0  0  1  1  1  1  1  0  0  1  1  0  1  0  1  0  1  1  1  1  1  1  0  0  1  1  0  0  1  1  1  0  1  0  1  0  0  1  0  1  1  0  0  0  0  1  0  0  1  1  1  0  0  0  1  1  0  0  0  1  0  0  0  0  0  1  0  1  1  1  0  1  1  0  0  1  1  0  1  0  1  1  0  0  1  1  0  0  1  0  0  0  1  0  1  0  1  1  1  0  0  0  1  1  0  0  1  1  0  1  1  1  0  1  1  0  0  0  0  0  0  1  0  1  0  1  0  1  0  1  0  1  1  0  0  1  1  1  
instances_kp/300_100_9.txt  
1  1  1  1  1  1  1  1  1  1  1  1  1  1  1  1  1  1  1  1  1  1  1  1  1  1  1  1  1  1  1  1  1  1  1  1  1  1  1  1  1  1  1  1  1  1  1  1  1  1  1  1  1  1  1  1  1  1  1  1  1  1  1  1  1  1  1  1  1  1  1  1  1  1  1  1  1  1  1  1  1  1  1  1  1  1  1  1  1  1  1  1  1  1  1  1  1  1  1  1  1  1  1  1  1  1  1  1  1  1  1  1  1  1  1  1  1  1  1  1  1  1  1  1  1  1  1  1  1  1  1  1  1  1  1  1  1  1  1  1  1  1  1  1  1  1  1  1  1  1  1  0  1  1  1  1  1  1  1  1  1  1  1  1  1  1  1  1  1  1  1  1  1  1  1  1  1  1  1  1  1  1  1  1  1  1  1  1  1  1  1  1  1  1  1  1  1  1  1  1  1  1  1  1  1  1  1  1  1  1  1  1  1  1  1  1  1  1  1  1  1  1  1  1  1  1  1  1  1  1  1  1  1  1  1  1  1  1  1  1  1  1  1  1  1  0  1  1  1  1  1  1  1  1  1  1  1  1  1  1  1  1  1  1  1  1  1  1  1  1  0  1  1  1  1  1  1  1  1  1  1  1  1  1  1  1  1  1  1  1  1  1  1  1  1  1  1  1  1  1  
instances_kp/300_100_10.txt  
0  0  1  1  0  0  0  0  0  0  1  0  0  0  0  0  0  0  0  0  0  0  0  0  1  0  1  0  0  0  0  0  0  0  0  0  0  0  0  0  0  0  0  1  0  0  0  0  0  0  0  0  0  0  0  0  0  0  0  0  0  0  0  0  0  0  0  0  0  0  0  0  0  0  0  0  0  0  0  0  0  0  0  0  0  0  0  0  1  0  0  0  0  0  0  0  1  0  0  0  0  0  0  0  0  0  0  0  0  0  0  1  0  1  0  0  0  0  0  0  0  0  0  0  0  0  0  0  0  0  0  0  0  0  0  0  0  0  0  1  0  0  0  0  0  0  0  0  0  0  0  0  1  0  0  0  0  0  0  1  0  0  0  0  0  1  0  0  0  0  0  1  0  1  0  1  0  0  0  0  0  0  0  1  0  1  0  0  0  0  1  0  0  0  0  0  0  0  0  0  0  1  0  0  1  0  1  0  0  0  0  0  1  0  1  0  0  0  0  0  0  0  1  0  0  0  1  0  0  1  0  0  0  0  0  0  1  0  1  0  0  1  0  0  1  1  0  0  0  1  0  1  0  0  0  0  0  0  0  0  0  0  0  0  0  0  0  0  0  0  1  0  0  1  0  0  0  0  0  0  0  0  0  1  0  0  0  0  0  0  0  0  0  0  0  0  1  0  0  0  
instances_kp/400_100_1.txt  
1  1  0  0  0  0  1  1  1  0  0  0  1  0  1  0  1  0  1  0  0  0  0  1  0  0  1  1  0  0  0  1  0  1  0  0  1  0  1  0  0  0  1  1  0  0  0  1  0  1  1  0  0  0  0  0  0  1  1  0  0  1  0  1  1  0  0  0  1  0  1  0  0  1  1  1  0  1  0  0  1  0  1  0  0  0  0  0  0  0  0  0  0  0  0  0  0  1  1  0  0  1  0  1  1  0  0  0  0  0  1  1  1  1  0  1  1  1  1  0  0  1  0  0  0  0  1  0  0  0  0  0  0  1  0  1  0  1  0  0  1  0  0  0  0  0  0  0  1  0  0  0  0  0  0  0  0  0  0  0  0  1  1  0  1  0  0  1  0  0  1  1  0  1  0  0  0  0  1  1  0  1  0  1  1  1  0  0  0  0  1  1  0  0  0  0  0  0  0  0  1  1  0  0  0  0  0  0  0  0  1  0  1  0  0  1  0  0  0  0  0  1  1  0  0  0  0  1  0  1  1  0  1  0  0  0  0  0  0  0  0  0  0  0  0  0  0  1  0  0  0  1  0  0  1  0  0  0  0  0  0  0  1  1  0  0  0  0  1  0  0  1  0  1  1  0  1  0  0  0  0  0  0  0  0  0  0  0  1  0  0  1  1  0  0  0  0  0  0  0  1  0  0  1  0  1  0  0  0  0  0  0  0  1  1  1  0  0  1  1  0  0  0  1  1  0  0  1  0  0  0  0  0  0  0  0  0  0  0  0  1  0  0  0  0  0  0  1  1  0  0  1  0  0  0  0  0  0  1  0  1  0  0  0  0  1  0  0  0  0  1  0  0  0  0  0  1  1  0  1  0  0  0  0  0  0  0  0  0  0  1  0  0  0  0  0  0  1  0  0  
instances_kp/400_100_2.txt  
1  1  1  0  1  1  1  0  1  0  1  1  1  1  1  1  1  1  1  1  1  1  0  0  0  0  0  0  1  1  0  0  0  1  1  0  1  1  1  1  1  1  0  1  1  0  0  1  1  1  0  1  0  0  0  1  1  1  1  1  0  1  0  1  0  0  1  1  1  1  1  1  1  0  1  0  1  0  1  1  1  1  0  1  1  0  1  0  1  1  1  1  0  0  1  1  0  1  1  1  1  0  1  0  0  1  1  1  1  0  1  1  1  0  1  1  0  1  1  1  1  1  1  1  1  1  1  0  1  1  1  1  1  1  1  0  0  1  1  1  0  1  1  0  1  1  1  1  1  1  1  1  1  0  0  1  1  0  1  1  1  1  1  1  1  0  0  1  1  0  1  0  1  1  0  1  1  1  1  0  1  1  1  0  0  1  1  0  0  1  0  1  1  1  1  0  1  1  1  1  1  1  1  1  1  1  0  1  1  1  1  0  1  1  0  1  1  1  0  1  1  0  1  1  0  1  1  0  1  1  0  0  1  1  1  1  1  1  0  0  1  1  1  1  1  0  1  1  1  1  1  1  1  1  0  1  0  0  1  1  1  1  1  1  1  0  1  1  1  1  1  0  0  1  1  1  1  0  1  1  1  1  1  1  1  1  1  1  1  0  1  0  1  1  1  1  1  1  0  0  1  0  1  1  1  1  1  1  1  1  0  1  1  1  0  1  0  1  1  1  1  1  0  0  1  1  1  1  0  0  1  1  0  1  1  1  1  1  1  1  1  0  1  1  1  1  0  1  1  0  1  1  1  1  1  1  0  1  1  1  1  1  1  1  0  0  0  1  0  1  1  1  0  1  1  1  1  1  1  1  0  1  1  1  1  0  0  1  0  0  0  0  1  1  1  1  1  0  1  1  
instances_kp/400_100_3.txt  
1  0  1  1  0  1  0  1  0  0  1  1  1  0  0  1  0  0  0  0  0  0  0  0  0  0  0  1  0  1  0  0  0  0  0  0  0  0  0  0  0  0  0  0  0  0  0  1  0  0  0  0  1  0  0  1  0  0  0  1  0  0  0  0  0  0  0  0  0  1  0  0  0  0  1  0  1  0  0  0  1  0  0  1  0  1  0  1  0  0  0  0  0  0  0  0  0  0  0  0  1  0  1  0  0  0  0  0  1  0  1  0  0  0  0  0  0  1  0  0  0  0  0  0  0  0  0  1  0  0  1  1  0  0  0  0  0  0  1  0  0  0  0  0  1  0  0  1  1  0  0  0  0  0  0  0  0  1  0  0  1  0  0  0  0  0  0  0  0  0  0  0  0  0  1  0  1  0  0  0  0  0  0  0  0  0  1  0  0  0  0  0  0  1  0  1  1  0  0  0  0  0  1  0  1  1  0  0  0  0  0  0  0  0  0  0  0  1  0  1  1  0  0  1  1  1  0  0  0  0  0  0  1  0  0  0  0  0  0  0  0  0  0  0  0  0  0  0  1  0  0  0  1  0  1  1  0  1  0  0  0  0  0  0  0  0  1  0  0  0  0  0  1  1  1  1  0  0  1  1  0  0  1  0  1  0  0  0  1  1  0  0  1  0  1  0  0  0  1  0  0  1  1  0  1  0  0  0  1  0  0  0  0  0  1  0  0  1  0  0  0  1  0  1  0  0  0  0  0  1  0  0  0  0  0  1  1  0  0  0  1  0  0  1  0  1  0  0  1  0  0  1  1  0  0  0  1  0  0  0  0  0  0  0  0  1  1  0  0  0  0  0  0  0  0  0  0  0  0  0  1  1  0  1  0  0  0  0  0  0  0  1  0  0  0  0  1  1  1  0  
instances_kp/400_100_4.txt  
1  0  0  0  0  0  0  0  1  1  1  0  0  0  1  0  0  0  1  1  0  1  0  0  0  0  0  0  1  1  1  1  1  1  0  0  1  0  0  1  0  1  0  1  0  1  0  1  0  1  1  0  0  0  0  1  1  0  1  0  0  1  0  0  0  1  0  1  1  1  0  0  0  0  0  0  1  1  0  1  0  0  1  1  1  1  1  0  1  0  1  0  1  1  1  1  1  0  0  1  0  0  1  1  0  1  1  1  0  1  0  0  0  1  0  0  1  1  0  0  0  0  1  0  1  1  0  0  1  1  0  0  1  0  1  1  1  1  0  0  0  1  0  0  1  0  0  1  1  0  1  1  0  1  0  0  1  1  1  1  1  0  1  0  0  1  0  0  0  0  0  1  1  0  1  1  1  0  1  1  0  0  0  0  0  1  1  1  0  1  0  0  0  0  1  0  0  0  1  1  0  0  1  1  1  1  1  0  1  1  0  0  1  0  1  0  0  0  0  0  0  0  0  0  0  1  0  0  0  0  0  1  1  0  0  1  0  0  1  1  0  1  0  1  0  0  0  0  0  0  1  1  1  0  0  1  0  1  0  1  0  0  1  0  1  1  0  0  0  0  0  1  1  1  0  1  1  0  1  0  1  0  0  1  0  0  0  1  0  0  1  1  0  0  1  1  0  1  0  0  1  1  1  0  0  1  0  0  0  0  0  0  1  1  0  0  0  0  1  0  0  0  0  1  0  0  0  0  0  1  1  1  1  1  1  0  0  0  0  1  1  1  1  1  0  1  1  1  1  0  1  1  1  0  1  1  0  1  0  1  0  0  1  0  0  0  0  1  1  0  1  0  1  1  0  0  1  0  0  0  1  0  0  0  0  1  1  1  1  1  1  0  1  1  0  1  1  0  0  1  
instances_kp/400_100_5.txt  
1  1  1  1  1  1  1  1  1  0  0  0  1  1  1  1  1  0  1  0  1  1  1  1  0  1  0  1  1  1  1  1  1  1  0  0  1  0  1  0  1  1  1  0  0  1  1  1  1  0  0  1  1  1  1  1  0  1  1  1  0  0  1  1  0  1  0  1  1  0  0  0  0  1  1  1  1  0  1  1  0  1  1  0  1  1  1  0  1  1  0  1  1  0  0  1  1  1  0  1  1  0  1  1  1  0  1  0  1  0  1  1  0  0  0  1  0  1  1  1  1  0  1  0  1  1  1  1  0  1  1  1  1  0  0  1  1  0  1  1  1  0  1  1  0  0  0  1  1  1  0  0  0  1  1  0  1  0  1  0  0  0  1  1  0  1  1  1  1  1  0  1  0  1  1  1  1  1  1  0  1  1  1  1  1  0  1  1  1  1  0  1  1  1  1  0  1  0  1  1  1  1  0  1  0  1  1  1  1  1  0  0  1  1  1  1  1  0  1  1  1  0  1  1  1  0  1  1  0  1  1  1  0  0  1  1  1  1  1  1  0  1  0  0  1  0  1  0  1  1  0  1  0  1  1  0  1  1  0  1  1  0  1  1  1  1  1  1  1  0  0  1  0  1  0  0  1  0  0  0  0  0  1  0  0  1  1  0  1  1  0  0  0  1  1  1  1  1  1  0  1  1  1  1  0  1  0  1  1  0  1  1  1  1  0  0  0  0  1  1  1  0  1  1  1  1  1  0  1  1  0  0  1  1  1  0  1  1  0  1  1  1  1  1  0  0  0  0  1  1  1  1  1  1  1  0  1  0  1  1  0  1  1  0  1  1  0  0  1  1  0  1  1  0  0  0  1  0  0  0  1  1  0  0  1  1  1  1  1  0  1  1  0  0  1  0  1  0  1  1  
instances_kp/400_100_6.txt  
0  0  1  1  1  1  1  1  0  1  0  1  1  1  1  1  1  1  1  1  1  1  0  1  1  1  0  0  1  0  1  1  1  1  1  1  1  1  1  1  0  1  0  1  1  1  1  1  1  1  1  1  1  1  1  1  1  1  1  1  1  1  0  1  1  0  1  1  1  1  1  1  1  1  1  1  1  1  1  1  1  0  1  1  1  1  1  1  1  1  1  1  1  1  1  0  0  1  1  1  1  0  1  1  1  1  1  1  0  1  1  1  1  1  1  1  1  1  1  1  1  1  1  1  1  1  1  0  1  1  1  1  1  1  1  1  1  1  0  1  1  1  1  0  1  1  1  1  1  1  1  1  1  1  1  1  1  1  1  1  1  0  0  1  1  1  1  0  1  1  1  0  1  1  1  1  0  1  1  1  1  1  1  0  1  0  1  1  1  1  1  1  1  1  1  1  1  1  1  1  1  1  0  1  1  1  1  1  1  1  1  0  1  1  1  1  1  1  0  1  0  1  1  1  0  0  1  1  0  0  0  1  1  1  1  1  0  1  1  1  1  1  1  1  1  1  1  0  1  1  1  1  1  1  0  1  1  1  1  1  0  1  0  1  1  1  1  0  1  1  1  1  1  1  1  0  1  1  0  1  0  0  1  1  1  1  1  1  1  1  0  1  1  0  1  1  1  1  1  1  0  0  1  1  1  1  1  1  1  1  0  1  1  1  1  1  1  1  1  1  1  1  1  1  1  1  1  1  0  1  1  1  1  1  1  1  0  1  1  1  1  1  1  1  0  0  1  1  1  1  0  0  0  1  0  1  1  1  0  1  1  1  1  0  1  0  1  1  1  0  1  1  1  0  1  1  1  0  1  1  1  1  1  1  0  1  1  1  1  1  0  1  1  1  1  1  1  1  1  1  
instances_kp/400_100_7.txt  
0  0  0  0  1  0  0  1  0  0  0  0  0  0  0  0  1  0  0  0  0  0  0  0  1  0  0  0  0  0  0  0  1  0  0  0  0  0  0  0  1  0  0  0  1  0  0  1  0  0  0  0  0  0  0  0  0  0  0  1  0  0  0  0  0  0  0  0  1  0  1  0  0  0  1  1  0  0  0  0  0  0  1  0  0  0  0  0  0  1  0  0  0  0  0  0  0  0  0  0  0  0  0  0  0  1  0  0  0  0  0  0  0  1  1  0  0  0  0  0  0  0  1  0  0  0  0  0  0  0  0  1  0  1  0  0  0  0  0  0  0  0  0  0  0  1  0  0  0  0  1  0  0  0  1  0  1  0  0  0  0  0  0  0  1  0  0  0  1  0  0  0  0  0  0  0  0  0  1  0  1  0  0  0  0  1  0  0  0  0  0  1  1  0  0  0  0  0  0  0  0  0  0  0  0  0  1  0  1  0  0  0  0  0  0  0  0  0  0  0  0  0  1  0  0  0  0  0  0  0  0  0  0  0  0  0  0  0  0  0  0  0  0  0  0  0  0  0  0  0  0  0  0  0  0  0  1  0  0  0  1  0  0  0  0  0  0  0  0  0  0  1  1  0  0  0  0  0  0  0  0  0  1  0  0  0  0  1  0  0  0  0  1  0  0  0  1  0  0  0  0  0  1  0  0  1  0  0  1  0  0  0  0  0  0  0  1  0  0  0  0  0  0  1  0  0  0  0  0  0  0  0  0  0  0  0  1  0  1  0  1  0  0  1  0  0  0  0  0  0  0  1  0  0  0  1  0  0  0  0  0  0  0  0  0  0  0  1  0  1  1  0  0  0  0  0  0  0  0  0  0  0  0  0  0  0  0  0  0  0  1  1  0  0  0  0  0  0  0  1  
instances_kp/400_100_8.txt  
0  1  1  1  1  1  1  1  1  1  1  1  1  1  1  1  1  1  1  1  1  1  1  1  1  1  1  0  1  1  1  1  1  1  1  1  1  1  1  1  1  0  1  1  1  1  1  0  1  1  1  1  1  1  1  1  1  1  1  1  1  1  1  1  1  1  1  1  1  0  1  1  1  1  1  1  0  1  1  1  1  0  1  1  1  1  1  1  1  1  1  1  1  1  1  1  1  1  1  1  1  1  0  1  1  0  1  1  1  1  1  1  1  1  1  1  1  1  1  1  1  0  1  1  1  1  1  1  1  1  1  1  1  1  1  1  1  1  1  1  1  1  1  0  1  1  1  1  1  1  1  1  1  1  1  1  1  1  1  1  1  1  1  1  1  1  1  0  1  1  1  1  1  1  1  1  1  1  1  1  1  1  1  1  1  1  1  1  1  1  1  1  1  1  1  1  1  1  0  1  0  1  1  1  1  0  1  1  1  1  1  1  1  1  1  1  1  1  0  1  1  1  1  1  0  1  1  1  1  1  1  1  1  1  1  0  1  0  1  1  1  0  0  1  1  0  1  1  1  1  1  1  1  1  1  1  1  1  1  1  1  1  1  1  1  1  1  1  1  1  1  1  1  1  0  1  1  1  1  1  1  1  1  1  1  0  1  1  1  1  1  1  1  1  1  1  1  1  1  1  1  1  1  1  1  1  1  1  1  1  0  1  0  1  1  1  1  1  1  1  1  1  1  1  1  1  1  1  1  1  1  1  1  1  1  1  1  0  1  1  1  1  1  1  1  1  1  1  1  0  1  1  1  1  1  1  1  1  1  1  0  1  1  1  1  1  1  1  0  1  1  0  1  1  1  1  1  1  1  1  1  1  1  1  1  1  1  1  1  1  1  1  1  1  1  1  0  1  1  1  
instances_kp/400_100_9.txt  
0  1  1  1  1  1  0  0  0  0  1  1  1  0  1  0  0  0  0  0  1  0  0  1  0  0  1  0  0  0  0  0  1  1  1  1  1  1  0  0  0  0  1  0  0  1  1  0  0  0  1  0  1  1  0  1  1  0  0  0  0  0  0  0  1  0  1  0  0  0  1  0  1  0  0  0  0  1  0  0  0  1  0  0  0  1  1  1  0  0  0  1  1  1  1  0  0  0  1  0  0  1  0  1  0  0  0  0  0  0  0  0  0  0  1  0  0  0  0  0  0  0  0  1  1  0  0  0  0  0  0  0  0  0  0  0  0  0  0  1  0  0  0  0  1  0  1  0  0  0  0  0  0  1  0  0  0  1  1  0  1  0  1  1  0  0  1  0  0  0  0  1  1  1  0  1  0  0  1  0  0  0  0  1  0  0  0  0  1  0  0  1  0  0  0  0  1  1  0  0  1  1  0  0  0  1  1  1  0  0  0  0  0  0  0  0  0  1  0  0  1  1  0  1  0  0  1  0  0  1  0  0  0  0  0  1  1  1  0  1  0  1  1  1  0  1  0  0  0  0  0  1  0  0  0  1  1  0  1  0  1  0  0  1  1  1  1  0  1  1  1  0  0  0  0  1  0  0  1  1  0  1  0  1  0  1  1  1  0  1  0  1  0  0  0  1  0  1  0  1  1  0  1  1  0  0  0  1  0  1  0  0  0  0  0  0  0  0  0  0  1  0  1  1  1  0  0  0  1  0  0  1  0  0  0  0  0  1  0  1  0  0  1  1  0  0  0  0  1  0  1  1  0  1  0  1  1  1  1  0  0  1  0  1  0  0  1  0  0  1  1  0  1  0  0  0  0  0  1  0  0  1  1  0  1  0  1  0  1  1  0  1  0  0  1  1  0  0  0  0  
instances_kp/400_100_10.txt  
0  0  1  0  0  0  0  0  0  0  1  0  0  0  0  0  0  0  0  1  0  0  0  0  0  0  1  0  0  0  0  1  0  1  0  0  0  0  1  0  0  1  1  0  1  0  0  0  0  0  1  0  0  0  0  1  0  0  1  1  0  1  0  0  0  0  0  0  1  0  0  0  0  1  0  0  0  1  1  0  0  1  1  1  1  0  1  0  0  0  1  0  1  0  1  0  1  0  1  0  1  0  0  0  0  0  1  1  0  0  0  1  0  0  0  0  1  1  0  0  0  0  0  1  1  1  1  0  1  0  1  0  0  0  0  1  1  1  1  1  0  1  0  0  0  1  0  1  1  0  0  1  1  1  0  1  0  0  0  1  0  1  0  0  0  0  0  0  1  1  0  0  0  0  0  1  0  0  0  1  1  0  0  0  1  1  1  0  1  0  0  0  0  0  1  1  0  0  1  1  0  0  0  0  0  0  0  0  0  0  0  1  0  0  0  1  0  1  1  0  1  0  0  0  0  1  1  0  0  0  0  0  1  0  0  0  1  1  1  1  0  0  0  0  1  1  0  0  0  0  0  1  1  1  0  1  1  0  0  0  1  1  0  1  1  0  0  0  0  1  0  0  0  0  1  0  0  1  0  0  0  0  1  0  0  1  1  0  1  0  0  0  1  0  0  0  0  0  0  0  0  1  1  0  0  1  0  0  0  0  0  0  1  0  1  1  0  1  0  0  0  0  0  0  1  0  0  0  1  1  1  0  1  1  0  0  0  1  0  0  0  1  0  0  0  0  1  0  0  0  0  0  1  1  1  0  1  1  1  0  0  0  0  1  0  1  0  0  0  0  0  0  1  0  0  0  0  1  1  1  1  1  1  1  0  0  1  0  1  0  1  1  1  0  0  0  0  0  0  1  
