begin{itemize}
item instances_kp/10_100_1.txt  
1  1  1  1  1  1  1  0.166667  1  1  

 end{itemize}begin{itemize}
item instances_kp/10_100_2.txt  
1  1  1  1  1  1  1  1  0.444444  1  

 end{itemize}begin{itemize}
item instances_kp/10_100_3.txt  
0  0.727273  1  1  1  1  1  1  1  0  

 end{itemize}begin{itemize}
item instances_kp/10_100_4.txt  
1  1  0.214286  1  1  1  1  1  1  1  

 end{itemize}begin{itemize}
item instances_kp/10_100_5.txt  
1  0  1  1  1  0.941176  1  1  1  1  

 end{itemize}begin{itemize}
item instances_kp/10_100_6.txt  
1  1  1  1  1  1  1  0.470588  1  1  

 end{itemize}begin{itemize}
item instances_kp/10_100_7.txt  
0.32  1  1  1  1  1  1  1  1  1  

 end{itemize}begin{itemize}
item instances_kp/10_100_8.txt  
0  1  1  1  1  1  0.75  1  0  1  

 end{itemize}begin{itemize}
item instances_kp/10_100_9.txt  
0  1  1  1  1  1  0.235294  1  1  1  

 end{itemize}begin{itemize}
item instances_kp/10_100_10.txt  
0  1  1  1  0  1  0  1  0.590909  1  

 end{itemize}begin{itemize}
item instances_kp/50_100_1.txt  
1  1  1  1  1  1  0  1  1  1  1  1  1  1  1  1  0  1  1  1  0  1  1  1  0.666667  0  1  1  1  1  1  1  1  1  1  1  1  1  1  1  0  0  1  1  1  1  1  0  1  1  

 end{itemize}begin{itemize}
item instances_kp/50_100_2.txt  
1  1  1  1  1  1  1  1  0  1  1  1  1  1  1  0  1  1  1  1  1  1  1  1  1  1  1  1  1  1  1  1  1  1  1  0  1  1  1  1  1  1  0  1  1  1  1  1  0  0.470588  

 end{itemize}begin{itemize}
item instances_kp/50_100_3.txt  
0  0  0  0  0.47619  0  1  0  0  0  0  0  1  0  1  1  0  1  1  0  0  1  1  1  1  1  0  0  0  0  1  0  1  1  0  1  0  1  0  1  0  0  0  0  0  1  0  1  0  1  

 end{itemize}begin{itemize}
item instances_kp/50_100_4.txt  
1  1  1  1  0  0  1  0  1  1  0  0  0  0  1  0  1  0  0  0  1  0  1  1  0  0  0  0  1  0  0  0  0  0  1  0  1  1  0  0  1  1  1  0.76  1  1  0  0  1  0  

 end{itemize}begin{itemize}
item instances_kp/50_100_5.txt  
1  1  1  1  1  1  1  1  1  1  1  1  1  0  1  0  1  1  1  1  1  1  1  1  0  1  0  1  1  1  1  1  1  1  1  0.466667  1  1  1  1  1  1  1  1  1  1  1  1  1  1  

 end{itemize}begin{itemize}
item instances_kp/50_100_6.txt  
1  1  1  0  0  1  1  1  0  1  1  1  1  1  1  1  0  1  0  0  1  1  1  1  1  1  1  0  0  0  0  1  1  1  0  1  0  1  1  1  1  1  1  1  0.608696  1  0  1  1  0  

 end{itemize}begin{itemize}
item instances_kp/50_100_7.txt  
1  0  0  1  1  1  1  1  1  1  1  1  0  0  1  1  1  1  0  0  0  0  1  0  1  0  1  0  0  1  0  0  0  0  0  0  0  0  0  1  0  1  0  0  0  0  1  1  0  0  

 end{itemize}begin{itemize}
item instances_kp/50_100_8.txt  
0  0  1  0  0  1  0  0  0  0  0  0  1  1  1  0  0  1  0  0  0  1  1  0  0  1  1  0  1  0  0  1  1  1  1  1  1  1  0.125  0  0  1  1  1  1  0  0  1  0  1  

 end{itemize}begin{itemize}
item instances_kp/50_100_9.txt  
1  1  1  1  1  0  1  1  1  1  1  1  1  1  1  1  1  1  1  1  1  0  1  1  1  1  1  1  1  1  1  1  0  1  1  1  1  1  1  1  0  1  1  1  1  0  0.347826  1  1  1  

 end{itemize}begin{itemize}
item instances_kp/50_100_10.txt  
1  0  0  1  0  0  0  1  1  1  1  1  1  1  1  1  1  0  1  0  0  1  1  0  1  0  1  1  1  1  1  0  0  1  0.8  0  0  1  1  1  1  0  1  1  1  1  1  1  0  1  

 end{itemize}begin{itemize}
item instances_kp/100_100_1.txt  
1  1  1  1  0  1  1  1  1  0  1  1  1  1  1  1  1  0.625  1  1  1  1  0  1  1  0  1  1  1  0  1  1  1  1  1  1  0  1  1  1  1  1  1  1  1  1  1  1  1  1  1  0  1  1  1  0  1  1  1  0  1  1  1  1  1  1  0  1  1  1  1  1  1  1  1  1  1  1  0  1  1  0  1  1  1  0  1  1  0  1  1  1  1  1  0  1  1  1  1  1  

 end{itemize}begin{itemize}
item instances_kp/100_100_2.txt  
1  1  1  1  1  1  1  1  1  0  1  1  1  0  1  1  1  0  1  1  1  1  1  1  0  1  1  1  0  1  1  1  1  1  1  1  1  0.44  1  1  1  0  1  0  0  1  0  0  1  0  1  1  1  1  1  0  1  1  1  1  1  1  1  1  0  1  0  0  1  1  1  1  1  0  1  0  0  1  1  0  1  1  1  1  1  0  0  1  0  0  0  1  1  1  0  0  1  0  0  0  

 end{itemize}begin{itemize}
item instances_kp/100_100_3.txt  
1  1  0  0  0  1  1  1  1  1  1  0  0  1  1  1  1  1  1  1  1  0  1  1  1  1  1  1  1  1  0  1  1  1  1  1  1  1  1  1  0  1  1  1  1  1  1  0  1  1  1  1  0.75  1  1  0  1  0  0  0  0  1  1  0  1  0  0  0  1  1  1  1  1  1  0  1  0  1  1  1  1  0  0  0  0  1  1  1  0  1  1  1  1  1  1  1  1  1  1  1  

 end{itemize}begin{itemize}
item instances_kp/100_100_4.txt  
0  1  0  0  0  0  0  0  0  0  1  0  0  1  0  0  0  1  0  0  0  0  0.375  0  1  1  0  0  0  0  1  0  0  0  1  1  0  0  0  0  1  1  0  0  0  1  0  0  1  0  0  0  0  0  0  0  0  1  0  1  0  1  0  1  0  1  0  1  0  0  0  1  0  0  1  0  0  0  0  1  0  1  0  1  0  0  0  0  0  0  0  1  1  0  1  1  1  1  1  0  

 end{itemize}begin{itemize}
item instances_kp/100_100_5.txt  
1  1  1  1  1  1  1  0  1  1  1  0  1  1  1  1  0  1  1  1  1  0  1  1  1  1  1  1  1  1  1  1  1  1  1  1  1  1  1  1  0.954545  1  1  1  1  1  1  1  1  1  1  1  1  0  1  0  0  1  1  0  1  1  1  0  1  1  1  0  0  1  1  1  1  1  1  1  0  0  1  1  1  1  1  1  1  1  0  1  0  1  1  1  1  0  1  0  0  1  1  1  

 end{itemize}begin{itemize}
item instances_kp/100_100_6.txt  
1  0  0  1  1  0  0  1  1  1  1  1  1  0  1  1  1  1  1  1  1  0  1  0  1  0  0  1  0  0  1  0  0  1  1  1  1  1  1  1  1  1  0.3  1  1  0  1  1  0  0  1  0  1  1  0  0  1  0  0  1  1  1  1  1  0  1  1  1  0  1  1  1  1  1  1  1  0  1  0  1  1  1  1  1  1  1  1  1  0  1  0  1  1  0  1  1  1  1  1  1  

 end{itemize}begin{itemize}
item instances_kp/100_100_7.txt  
1  1  1  0  1  1  1  1  1  0  1  1  1  1  1  1  1  1  1  1  1  1  1  1  1  0  1  1  0  1  1  1  1  1  1  1  1  1  1  1  1  0.533333  1  1  1  1  0  1  1  1  1  0  1  0  1  0  1  1  1  1  1  1  1  1  1  1  1  1  1  1  0  1  1  1  1  1  1  1  1  1  1  1  1  0  1  1  1  1  0  0  1  0  1  1  1  1  1  1  1  1  

 end{itemize}begin{itemize}
item instances_kp/100_100_8.txt  
0  1  1  1  0  0  0  1  1  0  1  1  1  0  0  0  0  0  0  0  1  0  0  0  0  0  0  0  0  1  0  1  0  0  0  0  0  1  0  0  0  0  0  0  0  0  0  0  0  0  0  1  1  0  1  0  0  0  1  1  0.666667  1  1  0  0  0  0  0  0  0  0  1  1  0  1  0  0  0  1  0  0  0  0  0  0  1  0  1  0  1  0  0  0  1  0  1  0  0  0  0  

 end{itemize}begin{itemize}
item instances_kp/100_100_9.txt  
1  1  1  1  0  1  0  0  0  1  0  0  1  1  1  0  1  1  1  1  1  1  1  1  1  1  0  1  1  1  0  0.708333  0  1  1  1  1  1  1  0  1  0  1  0  1  1  1  1  1  1  1  1  1  1  1  0  1  1  1  1  0  1  1  0  1  1  1  1  0  1  1  1  0  1  0  1  1  1  1  0  0  1  1  1  1  1  1  0  0  1  1  1  1  1  1  1  1  1  0  1  

 end{itemize}begin{itemize}
item instances_kp/100_100_10.txt  
0  0  0  0  1  0  1  0  0  0  0  0  0  1  0  1  1  0  0  0  0  0  1  0.0833333  0  1  0  0  0  1  0  0  1  1  1  0  1  0  0  1  0  1  0  0  1  0  0  1  1  1  0  0  0  0  0  0  1  0  0  0  0  1  0  1  1  1  0  0  1  1  0  0  0  1  0  1  1  0  0  0  0  0  0  1  1  0  0  0  0  1  0  0  0  0  0  1  0  1  0  0  

 end{itemize}begin{itemize}
item instances_kp/200_100_1.txt  
0  1  1  1  1  1  1  1  1  1  0  1  1  0  0  1  1  1  1  1  1  1  0  0  1  1  1  1  1  1  1  1  1  0  0  1  1  1  1  1  1  1  1  0  1  0  0  1  1  1  0  0  0  1  1  1  1  1  1  0  1  1  1  1  1  1  1  1  1  1  1  1  0  1  0  1  1  0  0  1  0  0  1  1  0  1  0  0  0  1  1  1  1  0  0  0  1  0  1  1  0  0  0  1  0  1  1  1  1  1  1  1  1  0  1  1  1  0  1  0  1  1  1  1  1  0  0  0  1  1  0  1  1  1  0  1  1  0  0  1  1  1  1  1  1  1  1  1  0  1  1  1  0  1  1  0  0  1  0  1  1  1  1  1  1  0  0  1  1  0  1  0  1  0  1  1  1  1  0  1  1  1  1  1  1  1  0  1  0  1  1  1  1  1  1  0  1  0  0  0  

 end{itemize}begin{itemize}
item instances_kp/200_100_2.txt  
0  1  0  0  0  0  1  1  0  0  0  0  0  1  0  1  0  1  0  0  0  0  0  0  1  0  1  1  1  1  0  0  1  0  0  1  0  1  0  0  0  1  1  1  1  0  1  0  0  1  0  0  1  0  0  0  0  0  1  1  0  0  0  0  0  1  1  1  0  0  1  1  1  1  0  1  0  0  0  1  0  1  0  1  1  1  0  1  0  1  0  0  1  0  0  1  1  0  1  1  0  1  0  1  1  1  1  1  1  1  0  0  0  1  1  1  0  0  1  1  0  0  1  1  0  0  1  0  0  1  0  0  1  0  1  1  0  1  0  0  1  1  0  1  0  1  0  1  1  1  1  0  1  1  0  1  0  0  1  1  0  0  0  0  0  0  0  1  0  0  0  0  0  1  1  1  1  1  1  1  1  0  1  1  1  1  1  1  1  0  0  0  0  0  1  1  1  1  1  1  

 end{itemize}begin{itemize}
item instances_kp/200_100_3.txt  
0  0  1  0  1  1  0  0  0  0  1  1  1  0  1  0  1  1  1  1  0  0  0  1  0  1  1  1  1  0  1  0  0  1  0  1  0  0  0  1  1  0  0  1  0  0  0  0  0  0  1  1  0  1  0  1  1  0  0  0  1  1  0  0  0  0  0  0  1  0  0.526316  0  1  1  0  1  1  1  1  0  1  1  0  0  0  1  0  1  0  0  1  0  1  1  0  0  0  1  1  0  1  1  0  0  1  0  0  0  0  0  0  0  0  0  1  1  1  1  1  0  1  1  1  0  0  1  1  1  1  1  1  0  0  1  0  1  1  0  1  0  0  1  0  0  1  1  0  1  1  1  0  0  0  1  0  0  0  0  1  0  1  0  1  1  1  1  1  1  0  0  1  0  1  1  1  1  1  1  0  1  1  1  0  0  0  0  1  0  1  1  1  1  0  0  1  1  0  0  1  0  

 end{itemize}begin{itemize}
item instances_kp/200_100_4.txt  
1  1  1  1  0  1  1  1  1  1  1  0.52  1  1  1  1  1  1  1  1  0  1  1  0  1  1  1  1  1  1  1  1  0  1  1  1  1  1  1  1  1  1  1  1  1  1  1  1  1  1  1  1  1  1  1  1  1  1  1  1  1  1  1  0  1  0  1  1  1  1  1  1  1  1  0  1  1  1  1  1  1  1  1  1  1  1  1  1  1  1  1  1  1  1  1  1  1  0  1  1  0  1  0  1  1  1  1  1  1  1  1  1  0  1  0  1  1  1  1  1  1  1  1  1  1  1  1  1  1  1  1  0  1  0  1  1  1  1  1  1  0  1  1  1  1  1  1  1  1  1  0  1  1  1  1  1  1  1  1  0  1  1  1  1  1  1  1  1  1  1  0  1  1  1  1  1  1  1  1  1  1  1  1  1  1  1  1  1  1  1  1  1  0  1  1  1  1  1  1  1  

 end{itemize}begin{itemize}
item instances_kp/200_100_5.txt  
1  1  1  1  1  1  0.6  0  1  0  0  0  0  1  1  1  0  0  1  1  0  0  1  1  0  0  1  1  1  1  1  1  1  1  1  0  1  1  1  0  1  0  1  0  0  0  0  0  0  1  1  0  0  1  0  1  1  0  1  1  1  1  0  1  1  1  1  1  1  1  1  1  1  0  0  1  1  1  0  1  1  1  1  0  0  0  0  1  0  0  1  1  1  1  0  1  1  1  1  1  1  1  0  1  0  1  0  1  0  1  0  1  1  1  1  1  0  1  1  1  0  1  1  1  1  0  0  0  1  1  1  1  1  1  0  1  1  1  1  1  1  1  1  1  1  1  1  0  0  1  1  1  0  1  0  1  0  1  0  0  1  0  1  0  0  1  0  1  0  0  1  0  0  0  1  1  0  1  1  0  0  0  1  1  0  1  0  1  1  1  0  1  1  0  1  1  1  1  1  1  

 end{itemize}begin{itemize}
item instances_kp/200_100_6.txt  
1  0  0  0  0  0  0  0  0  0  0  1  1  0  0  0  0  0  0  0  0  0  0  1  0  1  1  0  0  1  0  0  0  0  0  0  0  0  1  0  0  0  0  0  0  0  0  0  1  0  0  0  0  0  0  0  1  1  0  1  0  0  1  0  0  1  1  0  1  0  0  0  0  0  1  0  1  0  1  0  0  0  0  0  0  0  0  1  0  0  0  0  0  0  1  0  0  1  0  0  0  1  0  1  0  0  0  1  0.272727  0  0  0  0  0  0  1  0  0  0  0  0  0  0  0  0  0  0  1  0  0  0  0  0  0  0  0  0  0  0  1  0  0  0  0  1  0  1  1  0  1  0  0  0  0  0  0  0  1  1  0  0  0  0  0  1  0  0  1  1  0  0  1  1  0  0  0  0  0  1  0  0  0  0  1  0  0  0  0  0  1  1  0  0  0  0  0  0  0  0  0  

 end{itemize}begin{itemize}
item instances_kp/200_100_7.txt  
0  0  1  1  1  0  1  1  0  0  1  1  1  0  1  0  1  1  1  1  0  1  0  0  1  1  1  1  1  1  0  1  1  1  1  0  1  1  0  1  1  1  1  1  1  1  1  1  1  1  0  0  1  0  1  1  1  1  1  1  1  1  0  1  1  1  1  1  1  1  1  1  1  1  0  1  1  1  1  0  0  1  1  1  1  1  1  1  1  1  1  0  1  1  1  1  1  0  1  0  1  1  1  0  1  0  1  0  0  0  1  1  1  1  1  1  1  1  1  1  0  1  1  1  0  1  1  1  1  1  1  1  0  0  0  1  0  1  1  0  1  1  1  1  0  0  0  0  1  1  1  0  1  1  0  1  0  1  1  1  1  1  1  1  1  1  1  1  0  1  1  1  1  1  1  1  1  1  0  1  1  1  1  0  0  1  1  1  1  0  1  1  0  1  0  1  1  0  0  0  

 end{itemize}begin{itemize}
item instances_kp/200_100_8.txt  
1  1  1  1  1  1  1  1  1  0  1  1  1  1  1  1  1  1  1  1  1  0  0  1  1  1  0  1  1  0  1  1  1  1  0  0  1  1  1  0  1  0  1  1  1  1  1  1  1  0  1  0  1  1  1  1  0  0  1  0  1  1  0  1  0  0  0  0  1  1  0  0  1  0  1  1  1  0  0  1  1  0  1  0  0  0  0  1  0  1  1  1  0  1  0  1  1  1  1  1  0  1  0  0  1  1  0  1  1  1  1  1  1  0  1  1  1  1  0  0  1  1  0  0  0  0.434783  1  1  1  1  1  0  1  1  1  1  1  0  1  0  1  1  1  1  1  1  1  1  1  1  1  1  1  1  1  0  0  0  1  0  1  1  1  1  1  1  1  1  1  0  1  1  1  1  1  1  1  0  1  1  1  1  1  1  1  1  0  0  1  0  0  1  0  1  0  1  1  1  1  1  

 end{itemize}begin{itemize}
item instances_kp/200_100_9.txt  
1  1  1  1  1  1  1  0  1  1  1  1  0  0  1  1  0  1  1  1  1  1  1  1  1  1  0  1  1  1  0  0  1  1  1  1  1  1  1  1  1  1  1  1  1  1  1  1  1  1  0  1  0  0  1  1  0  1  0.652174  1  1  1  1  1  1  1  1  1  1  1  1  1  1  1  1  1  1  1  1  1  1  1  1  1  0  1  1  1  0  1  1  1  1  1  1  1  0  1  1  1  1  1  1  1  1  0  1  1  1  1  1  1  1  1  1  1  1  1  0  1  1  1  0  1  1  1  1  1  0  0  1  1  1  0  1  1  1  1  1  1  1  1  1  1  1  1  1  0  1  1  1  1  0  1  1  1  1  1  1  1  1  0  1  1  1  1  1  0  1  1  1  1  0  1  1  1  1  1  1  1  0  1  1  1  1  1  1  1  1  1  1  1  1  1  1  1  1  1  1  1  

 end{itemize}begin{itemize}
item instances_kp/200_100_10.txt  
1  0  0  1  1  1  0  0  1  0  1  0  0  1  0  1  1  0  1  1  1  1  0  1  0  1  1  1  1  1  0  1  1  0  0  0  0  0  1  1  1  0  1  1  0  0  1  1  0  0  0  1  1  1  0  1  0  1  1  0  1  1  0  0  1  1  0  1  1  0  0  1  1  0  1  0  1  1  1  0  1  0  0  1  1  1  0  0  0  0  0  1  1  1  1  1  0  1  0  1  1  1  1  1  0  1  1  1  1  1  1  0  1  1  0  0  1  1  1  1  0  1  0  0  1  0  0  0  1  1  1  0  1  1  1  1  0  0  1  1  1  1  0  1  1  0  1  1  0  1  0  0  1  0  1  1  1  1  1  1  0  1  1  0  0  0  1  1  1  0  1  1  0  1  1  1  1  1  0  0  0  1  0  1  0  0  1  1  0  1  1  0.941176  0  0  1  0  1  1  1  1  

 end{itemize}begin{itemize}
item instances_kp/300_100_1.txt  
1  1  1  1  1  1  1  1  1  1  1  1  1  1  1  1  1  1  1  0  1  1  1  1  1  1  1  0  1  1  1  1  1  1  1  1  1  1  1  1  1  1  1  1  1  1  1  1  1  1  1  1  1  0  1  1  1  1  1  1  0  1  1  1  1  1  1  1  1  1  1  1  1  1  1  1  1  1  1  1  1  1  1  1  1  1  1  1  1  1  1  1  1  1  1  1  1  1  1  1  1  1  1  1  1  1  1  1  1  1  1  1  1  1  1  1  1  1  1  1  1  1  1  1  1  1  1  1  1  1  1  1  1  1  1  1  1  1  0  1  1  1  1  1  1  1  1  1  1  1  1  0  1  1  1  1  1  1  1  1  1  1  1  1  1  1  0  0  1  1  1  1  1  1  1  1  1  1  1  1  1  1  1  1  1  1  1  1  1  1  1  1  0  1  1  1  1  1  1  1  1  0.833333  1  1  1  1  1  1  1  1  1  1  1  1  1  1  1  1  1  1  1  1  1  0  1  1  0  1  1  1  1  1  1  1  1  1  1  1  1  1  1  1  1  1  1  1  1  1  1  1  1  1  1  1  1  1  1  0  1  1  1  1  1  1  1  1  1  1  1  1  1  1  1  1  1  1  1  1  1  1  1  1  1  1  1  1  1  1  1  1  1  1  1  1  1  1  1  1  1  1  

 end{itemize}begin{itemize}
item instances_kp/300_100_2.txt  
0  1  1  1  1  1  1  1  1  0  1  1  1  0  1  1  1  1  1  1  1  0  1  0  1  0  1  1  1  0  0  1  0  1  1  0  1  0  0  1  1  1  1  0  0  1  1  1  1  1  1  0  0.9375  1  1  0  0  0  1  1  1  1  1  1  1  0  1  1  1  0  1  0  1  1  0  1  0  1  1  1  1  1  1  1  1  1  1  0  1  0  1  1  1  0  1  1  0  1  0  1  1  1  1  0  0  1  1  0  1  0  1  0  1  1  1  1  1  0  1  1  1  0  1  1  1  0  1  1  1  1  1  1  0  1  1  1  0  0  0  0  1  1  1  1  0  0  1  1  0  1  0  1  1  1  1  1  1  1  1  1  0  1  1  0  1  1  0  1  1  1  1  1  1  1  0  0  1  0  1  1  1  1  1  1  1  0  0  0  1  1  1  1  1  1  1  1  1  0  1  1  1  0  0  1  1  0  1  0  1  1  1  0  1  1  0  1  1  0  1  1  1  1  0  0  0  1  0  1  0  0  1  1  1  1  1  0  1  0  1  1  1  0  1  0  0  1  0  1  0  0  1  1  0  1  1  1  0  1  1  1  1  1  0  1  1  1  1  1  0  0  0  1  1  0  1  1  1  1  1  1  1  1  1  0  1  0  1  0  1  1  0  1  1  1  1  1  1  1  0  1  

 end{itemize}begin{itemize}
item instances_kp/300_100_3.txt  
0  1  1  0  0  1  1  1  1  1  0  1  1  0  0  1  0  1  1  1  1  1  1  1  1  1  1  0  0  1  1  1  1  0  1  1  1  0  0  1  1  1  0  1  1  0  0  1  1  1  0  0  1  1  1  1  1  1  0  1  1  1  1  1  1  1  1  1  1  1  1  1  1  1  1  1  1  1  0  1  1  1  1  1  1  1  1  1  1  1  0  1  1  1  1  1  1  1  0  1  1  0  1  0.8  1  1  1  1  0  0  0  1  1  1  1  0  1  1  1  1  1  1  1  0  1  1  1  1  1  1  1  1  1  1  0  1  1  1  1  0  0  1  1  1  1  1  1  0  1  0  1  1  1  1  1  0  1  0  1  1  1  1  1  1  1  1  1  1  1  1  1  1  1  1  0  1  1  1  1  1  1  1  1  0  1  1  1  1  1  1  1  1  0  0  1  1  1  1  1  0  1  1  1  1  1  1  1  1  1  1  1  0  1  1  0  1  1  0  0  1  0  1  1  1  1  1  1  1  1  1  1  1  1  1  1  1  1  1  1  0  0  1  1  1  1  0  1  1  1  1  0  1  1  1  1  1  0  0  0  1  1  1  1  1  1  0  1  1  1  1  1  1  1  1  0  1  1  1  1  1  1  1  1  1  1  0  1  1  0  1  1  0  1  1  0  1  1  1  1  1  

 end{itemize}begin{itemize}
item instances_kp/300_100_4.txt  
1  1  1  1  1  1  1  1  1  1  1  1  1  1  1  1  1  1  1  1  1  1  1  1  1  1  1  1  1  1  1  1  1  1  1  1  1  1  1  1  1  1  1  1  1  1  1  1  1  1  1  1  1  1  1  1  1  0  1  1  1  1  1  1  1  1  1  1  1  1  1  1  1  1  1  0  1  1  1  1  1  1  1  1  1  1  1  1  1  1  1  1  1  1  1  1  1  1  1  1  1  1  1  1  1  0.85  1  1  1  1  1  1  1  1  1  1  1  1  1  1  1  1  1  1  1  1  1  1  1  1  1  1  1  1  1  1  1  1  1  1  0  1  1  1  1  1  1  1  1  1  1  1  1  1  1  1  1  1  1  1  1  1  1  1  1  1  1  1  1  1  1  1  1  1  1  1  1  1  1  1  0  1  1  1  1  1  1  1  1  1  1  1  1  1  1  1  1  1  1  1  1  1  1  1  1  1  1  1  0  1  1  0  1  1  0  1  1  1  1  1  1  1  1  1  1  1  1  1  1  1  1  1  1  1  1  1  1  1  1  1  1  1  0  1  1  1  1  1  1  1  1  1  1  1  1  1  1  1  1  1  1  1  1  1  1  1  0  1  1  1  1  1  1  1  1  1  1  1  1  1  1  1  1  1  1  1  1  1  1  1  1  1  1  1  1  1  1  1  1  1  

 end{itemize}begin{itemize}
item instances_kp/300_100_5.txt  
1  1  1  1  1  1  1  1  1  1  1  1  1  1  1  1  1  0  1  0  1  1  1  1  1  1  1  1  1  1  1  1  1  1  0  1  1  1  1  1  1  1  1  1  1  1  1  1  1  1  1  1  1  1  1  1  1  1  1  1  1  1  1  1  1  1  0  1  1  1  0  1  1  1  1  0  1  1  1  0  0  1  1  1  1  1  1  1  1  1  0  1  1  1  1  0  1  1  1  1  1  1  1  1  1  1  1  1  0  1  1  1  1  1  1  1  1  1  1  1  1  1  0.56  1  1  1  1  1  1  1  1  1  1  1  1  0  1  1  1  1  1  1  1  1  1  1  1  1  1  1  1  0  0  1  1  1  1  1  1  1  1  1  1  1  1  1  0  1  1  1  0  1  0  1  1  1  1  0  1  1  1  1  1  1  1  1  1  1  0  1  1  1  1  1  1  1  1  1  1  1  1  1  1  0  1  1  1  1  1  1  0  1  1  1  1  1  1  1  1  1  1  1  1  1  1  1  1  1  1  1  1  0  1  1  1  1  1  1  1  1  1  1  1  1  1  1  1  1  1  1  1  0  1  1  1  1  1  1  0  1  1  1  1  1  1  1  1  1  1  1  0  1  1  1  1  1  1  1  1  1  1  1  1  1  1  1  1  1  1  1  1  1  1  1  1  1  1  1  1  1  

 end{itemize}begin{itemize}
item instances_kp/300_100_6.txt  
0  0  1  0  1  1  0  1  0  0  0  0  0  0  0  0  0  1  1  0  0  1  1  1  0  0  0  1  1  1  1  0  1  0  1  0  0.444444  0  1  0  1  0  1  0  0  0  1  0  1  1  0  0  0  0  1  0  0  1  0  0  0  0  0  1  0  0  0  0  0  0  0  0  1  0  0  0  1  1  0  0  0  0  1  0  0  0  1  1  0  1  1  1  1  1  0  1  1  1  0  1  0  1  1  0  0  1  1  0  1  1  0  1  1  0  0  0  1  0  1  1  0  1  0  0  1  0  1  0  0  0  1  0  1  0  0  0  1  1  0  1  0  1  1  0  0  0  1  0  0  1  0  0  0  0  1  0  1  0  1  1  0  0  0  1  0  0  0  1  1  0  1  1  0  0  1  0  1  1  0  0  0  1  0  0  1  0  0  0  0  0  1  1  0  1  0  0  0  1  1  0  1  1  0  0  0  0  1  0  1  0  1  1  0  0  1  1  1  0  0  0  1  1  0  1  0  0  0  0  1  1  1  1  1  0  0  0  0  1  1  0  1  1  1  1  0  0  0  0  1  0  0  0  0  1  1  0  0  0  1  1  1  1  0  0  1  0  0  1  0  0  0  1  1  1  1  0  0  0  1  0  1  0  0  1  0  0  1  0  1  0  1  1  1  1  0  0  1  1  0  1  

 end{itemize}begin{itemize}
item instances_kp/300_100_7.txt  
0  0  0  0  0  1  0  1  1  0  0  1  0  1  0  0  1  1  0  0  0  0  0  0  0  0  0  0  0  0  0  1  0  0  0  0  0  0  0  1  0  0  1  0  1  0  1  0  0  0  0  1  1  1  0  0  1  0  1  1  1  0  1  0  0  0  1  1  0  0  1  0  0  1  0  0  0  0  0  1  0  1  0  1  0  0  1  0  0  0  1  0  0  0  1  0  0  0  0  1  0  1  1  0  1  0  0  1  1  1  0  0  1  1  1  0  0  1  1  0  1  0  1  1  1  0  1  0  0  1  0  0  1  1  0  0  0  0  0  0  0  0  0  0  0  0  1  0  0  1  0  0  1  0  1  0  0  1  0  1  0  0  0  0  1  0  0  1  1  0  1  0  1  1  1  0  0.3125  0  1  0  0  0  0  0  1  0  0  0  1  0  1  1  0  0  0  1  0  1  1  1  0  0  0  0  1  0  1  1  0  0  1  1  0  1  0  0  0  0  0  1  0  1  1  1  0  1  1  0  0  0  1  0  1  0  0  0  0  0  0  0  0  0  1  0  0  0  1  0  1  1  0  1  1  1  0  0  1  1  1  0  0  0  1  1  1  1  0  1  0  1  0  1  0  0  1  1  1  1  1  0  0  0  0  0  0  0  0  1  0  0  0  1  1  1  0  1  0  1  1  1  

 end{itemize}begin{itemize}
item instances_kp/300_100_8.txt  
0  1  0  1  1  0  0  0  1  0  1  1  0  0  1  1  0  1  1  0  0  1  0  0  1  0  0  1  1  1  1  1  1  1  0  0  0  1  0  1  1  1  0  0  0  0  1  0  0  1  1  0  0  0  0  0  1  0  1  1  0  1  1  1  1  1  0  1  0  1  0  0  0  0  0  0  1  1  1  1  1  0  1  0  1  1  1  0  0  1  0  1  0  1  0  1  0  0  0  0  1  1  1  1  1  1  0  1  1  0.0434783  1  1  1  0  1  1  1  0  1  0  1  0  1  0  1  1  0  1  0  0  1  1  0  0  1  1  1  0  1  0  1  1  1  1  0  1  1  1  1  1  1  1  0  1  1  1  1  1  0  0  1  1  0  0  1  1  1  1  1  0  0  1  1  0  1  0  1  0  1  1  1  1  1  1  0  0  1  1  0  0  1  1  1  0  1  0  1  0  0  1  0  1  1  0  0  0  0  1  0  0  1  1  1  1  1  0  1  1  0  0  0  1  0  0  0  0  0  1  0  1  1  1  0  1  1  0  0  1  1  0  1  0  1  1  0  0  1  1  0  0  1  0  0  0  1  0  1  0  1  1  1  0  0  0  1  1  0  0  1  1  0  1  1  1  0  1  1  0  0  0  0  0  0  1  0  1  0  1  0  1  0  1  0  1  1  0  0  1  1  1  

 end{itemize}begin{itemize}
item instances_kp/300_100_9.txt  
1  1  1  1  1  1  1  1  1  1  1  1  1  1  1  1  1  1  1  1  1  1  1  1  1  1  1  1  1  1  1  1  1  1  1  1  1  1  1  1  1  1  1  1  1  1  1  1  1  1  1  1  1  1  1  1  1  1  1  1  1  1  1  1  1  1  1  1  1  1  1  1  1  1  1  1  1  1  1  1  1  1  1  1  1  1  1  1  1  1  1  1  1  1  1  1  1  1  1  1  1  1  1  1  1  1  1  1  1  1  1  1  1  1  1  1  1  1  1  1  1  1  1  1  1  1  1  1  1  1  1  1  1  1  1  1  1  1  1  1  1  1  1  1  1  1  1  1  1  1  1  1  1  1  1  1  1  1  1  1  1  1  1  1  1  1  1  1  1  1  1  1  1  1  1  1  1  1  1  1  1  1  1  1  1  1  1  1  1  1  1  1  1  1  1  1  1  1  1  1  1  1  1  1  1  1  1  1  1  1  1  1  1  1  1  1  1  1  1  1  1  1  1  1  1  1  1  1  1  1  1  1  1  1  1  1  1  1  1  1  1  1  1  1  1  0  1  1  1  1  1  1  1  1  1  1  1  1  1  1  1  1  1  1  1  1  1  1  1  1  0  1  1  1  1  1  1  1  1  1  1  1  1  1  1  1  1  1  1  1  1  1  1  1  1  1  1  1  0.772727  1  

 end{itemize}begin{itemize}
item instances_kp/300_100_10.txt  
0  0  1  1  0  0  0  0  0  0  1  0  0  0  0  0  0  0  0  0  0  0  0  0  1  0  1  0  0  0  0  0  0  0  0  0  0  0  0  0  0  0  0  1  0  0  0  0  0  0  0  0  0  0  0  0  0  0  0  0  0  0  0  0  0  0  0  0  0  0  0  0  0  0  0  0  0  0  0  0  0  0  0  0  0  0  0  0  1  0  0  0  0  0  0  0.285714  1  0  0  0  0  0  0  0  0  0  0  0  0  0  0  1  0  1  0  0  0  0  0  0  0  0  0  0  0  0  0  0  0  0  0  0  0  0  0  0  0  0  0  1  0  0  0  0  0  0  0  0  0  0  0  0  1  0  0  0  0  0  0  1  0  0  0  0  0  1  0  0  0  0  0  1  0  1  0  0  0  0  0  0  0  0  0  1  0  1  0  0  0  0  1  0  0  0  0  0  0  0  0  0  0  1  0  0  1  0  1  0  0  0  0  0  1  0  1  0  0  0  0  0  0  0  1  0  0  0  1  0  0  1  0  1  0  0  0  0  1  0  1  0  0  1  0  0  1  1  0  0  0  1  0  1  0  0  0  0  0  0  0  0  0  0  0  0  0  0  0  0  0  0  1  0  0  1  0  0  0  0  0  0  0  0  0  1  0  0  0  0  0  0  0  0  0  0  0  0  1  0  0  0  

 end{itemize}begin{itemize}
item instances_kp/400_100_1.txt  
1  1  0  0  0  0  1  1  1  0  0  0  1  0  1  0  1  0  1  0  0  0  0  1  0  0  1  1  0  0  0  1  0  1  0  0  1  1  1  0  0  0  1  1  0  0  0  1  0  1  1  0  0  0  0  0  0  1  1  0  0  1  0  1  1  0  0  0  1  0  1  0  0  1  1  1  0  1  0  0  1  0  1  0  0  0  0  0  0  0  0  0  0  0  0  0  0  1  1  0  0  1  0  1  1  0  0  0  0  0  1  1  1  1  0  1  1  1  1  0  0  1  0  0  0  0  1  0  0  0  0  0  0  1  0  1  0  1  0  0  1  0  0  0  0  0  0  0  1  0  0  0  0  0  0  0  0  0  0  0  0  1  1  0  1  0  0  1  0  0  1  1  0  1  0  0  0  0  1  1  0  0.4  0  1  1  1  0  0  0  0  1  1  0  0  0  0  0  0  0  0  1  1  0  0  0  0  0  0  0  0  1  0  1  0  0  1  0  0  0  0  0  1  1  0  0  0  0  1  0  1  1  0  1  0  0  0  0  0  0  0  0  0  0  0  0  0  0  1  0  0  0  1  0  0  1  0  0  0  0  0  0  0  1  1  0  0  0  0  1  0  0  1  0  1  1  0  1  0  0  0  0  0  0  0  0  0  0  0  1  0  0  1  1  0  0  0  0  0  0  0  1  0  0  1  0  1  0  0  0  0  0  0  0  1  1  1  0  0  1  1  0  0  1  1  1  0  0  1  0  0  0  0  0  0  0  0  0  0  0  0  1  0  0  0  0  0  0  1  1  0  0  1  0  0  0  0  0  0  1  0  1  0  0  0  0  1  0  1  0  0  1  0  0  0  0  0  1  1  0  1  0  0  0  0  0  0  0  0  0  0  1  0  0  0  0  0  0  1  0  0  

 end{itemize}begin{itemize}
item instances_kp/400_100_2.txt  
1  1  1  0  1  1  1  0  1  0  1  1  1  1  1  1  1  1  1  1  1  1  0  0  0  0  0  0  1  1  0  0  0  1  1  0  1  1  1  1  1  1  0  1  1  0  0  1  1  1  0  1  0  0  0  1  1  0.12  1  1  0  1  0  1  0  0  1  1  1  1  1  1  1  0  1  0  1  0  1  1  1  1  0  1  1  0  1  0  1  1  1  1  0  0  1  1  0  1  1  1  1  1  1  0  0  1  1  1  1  0  1  1  1  0  1  1  0  1  1  1  1  1  1  1  1  1  1  0  1  1  1  1  1  1  1  0  0  1  1  1  0  1  1  0  1  1  1  1  1  1  1  1  1  0  0  1  1  0  1  1  1  1  1  1  1  0  0  1  1  0  1  0  1  1  0  1  1  1  1  0  1  1  1  0  0  1  1  0  0  1  0  1  1  1  1  0  1  1  1  1  1  1  1  1  1  1  0  1  1  1  1  0  1  1  0  1  1  1  0  1  1  0  1  1  0  1  1  0  1  1  0  0  1  1  1  1  1  1  0  0  1  1  1  1  1  0  1  1  1  1  1  1  1  1  0  1  0  0  1  1  1  1  1  1  1  0  1  1  1  1  1  0  0  1  1  1  1  0  1  1  1  1  1  1  1  1  1  1  1  0  1  0  1  1  1  1  1  1  0  0  1  0  1  1  1  1  1  1  1  1  0  1  1  1  0  1  0  1  1  1  1  1  0  0  1  1  1  1  0  0  1  1  0  1  1  1  1  1  1  1  1  0  1  1  1  1  0  1  1  0  1  1  1  1  1  1  0  1  1  1  1  1  1  1  0  0  0  1  0  1  1  1  0  1  1  1  1  1  1  1  0  1  1  1  1  0  0  1  0  0  0  0  1  1  1  1  1  0  1  1  

 end{itemize}begin{itemize}
item instances_kp/400_100_3.txt  
1  0  1  1  0  1  0  1  0  0  1  1  1  0  0  1  0  0  0  0  0  0  0  0  0  0  0  1  0  1  0  0  0  0  0  0  0  0  0  0  0  0  0  0  0  0  1  1  0  0  0  0  1  0  0  1  0  0  0  1  0  0  0  0  0  0  0  0  0  1  0  0  0  0  1  0  1  0  0  0  1  0  0  1  0  1  0  1  0  0  0  0  0  0  0  0  0  0  0  0  1  0  1  0  0  0  0  0  1  0  1  0  0  0  0  0  0  1  0  0  0  0  0  0  0  0  0  1  0  0  1  1  0  0  0  0  0  0  1  0  0  0  0  0  1  0  0  1  1  0  0  0  0  0  0  0  0  1  0  0  1  0  0  0  0  0  0  0  0  0  0  0  0  0  0.333333  0  1  0  0  0  0  0  0  0  0  0  1  0  0  0  0  0  0  1  0  1  1  0  0  0  0  0  1  0  1  1  0  0  0  0  0  0  0  0  0  0  0  1  0  1  1  0  0  1  1  1  0  0  0  0  0  0  1  0  0  0  0  0  0  0  0  0  0  0  0  0  0  0  1  0  0  1  1  0  1  1  0  1  0  0  0  0  0  0  0  0  1  0  0  0  0  0  1  1  1  1  0  0  1  1  0  0  1  0  1  0  0  0  1  1  0  0  1  0  1  0  0  0  1  0  0  1  1  0  1  0  0  0  1  0  0  0  0  0  1  0  0  1  0  0  0  1  0  1  0  0  0  0  0  1  0  0  0  0  0  1  1  0  0  0  1  0  0  1  0  1  0  0  1  0  0  1  1  0  0  0  1  0  0  0  0  0  0  0  0  0  1  0  0  0  0  0  0  0  0  0  0  0  0  0  1  1  0  1  0  0  0  0  0  0  0  1  0  0  0  0  1  1  1  0  

 end{itemize}begin{itemize}
item instances_kp/400_100_4.txt  
1  0  0  0  0  0  0  0  1  1  1  0  0  0  1  0  0  0  1  1  0  1  0  0  0  0  0  0  1  1  1  1  1  1  0  0  1  0  0  1  0  1  0  1  0  1  0  1  0  1  1  0  0  0  0  1  1  0  1  0  0  1  0  0  0  1  0  1  1  1  0  0  0  0  0  0  1  1  0  1  0  0  1  1  1  1  1  0  1  0  1  0  1  1  1  1  1  0  0  1  0  0  1  1  0  1  1  1  0  1  0  0  0  1  0  0  1  1  0  0  0  0  1  0  1  1  0  0  1  1  0  0  1  0  1  1  1  1  0  0  0  1  0  0  1  0  0  1  1  0  1  1  0  1  0  0  1  1  1  1  1  0  1  0  0  1  0  0  0  0  0  1  1  0  1  1  1  0  1  1  0  0  0  0  0  1  1  1  0  1  0  0  0  0  1  0  0  0  1  1  0  0  1  1  1  1  1  0  1  1  0  0  1  0  1  0  0  0  0  0  0  0  0  0  0  1  0  0  0  0  0  1  1  0  0  1  0  0  1  1  0  1  0  1  0  0  0  0  0  0  1  1  1  0  0  1  0  1  0  1  0  0  1  0  1  1  0  0  0  0  0  1  1  1  0  1  1  0  1  0  1  0  0  1  0  0  0  1  0  0  1  1  0  0  1  1  0  1  0  0  1  1  1  0  0  1  0  0  0  0  0  0  1  1  0  0  0  0  1  0  0  0  0  1  0  0  0  0  0  1  1  1  1  1  1  0  0  0  0  1  1  1  1  1  0  1  1  1  1  0  1  1  1  0  1  1  0  1  0  1  0  0  1  0  0  0  0  1  1  0  1  0  1  1  0  0  1  0  0  0  1  0  0  0  0  1  1  1  1  1  1  0  1  1  0  1  1  0  0  1  

 end{itemize}begin{itemize}
item instances_kp/400_100_5.txt  
0  1  1  1  1  1  1  1  1  0  0  0  1  1  1  1  1  0  1  0  1  1  1  1  0  1  0  1  1  1  1  1  1  1  0  0  1  0  1  0  1  1  1  0  0  1  1  1  1  0  0  1  1  1  1  1  0  1  1  1  0  0  1  1  0  1  0  1  1  0  0  0  0  1  1  1  1  0  1  1  0  1  1  0  1  1  1  0  1  1  0  1  1  0  0  1  1  1  0  1  1  0  1  1  1  0  1  0  1  0  1  1  0  0  0  1  0  1  1  1  1  0  1  0  1  1  1  1  0  1  1  1  1  0  0  1  1  0  1  1  1  0  1  1  0  0  0  1  1  1  0  0  0  1  1  0  1  0  1  0  0  0  1  1  0  1  1  1  1  1  0  1  0  1  1  1  1  1  1  0  1  1  1  1  1  0  1  1  1  1  0  1  1  1  1  0  1  0  1  1  1  1  0  1  0  1  1  1  1  1  0  0  1  1  1  1  1  0  1  1  1  0  1  1  1  0  1  1  1  1  1  1  0  0  1  1  1  1  1  1  0  1  0  0  1  0  1  0  1  1  0  1  0  1  1  0  1  1  0  1  1  0  1  1  1  1  1  1  1  0  0  1  0  1  0  0  1  0  0  0  0  0  1  0  0  1  1  0  1  1  0  0  0  1  1  1  1  1  1  0  1  1  1  1  0  1  0  1  1  0  1  1  1  1  0  0  0  0  1  1  1  0  1  1  1  1  1  0  1  1  0  0  1  1  1  0  1  1  0  1  1  1  1  1  0  0  0  0  1  1  0.75  1  1  1  1  0  1  0  1  1  0  1  1  0  1  1  0  0  1  1  0  1  1  0  0  0  1  0  0  0  1  1  0  0  1  1  1  1  1  0  1  1  0  0  1  0  1  0  1  1  

 end{itemize}begin{itemize}
item instances_kp/400_100_6.txt  
0  0  1  1  1  1  1  1  0  1  0  1  1  1  1  1  1  1  1  1  1  1  0  1  1  1  0  0  1  0  1  1  1  1  1  1  1  1  1  1  0  1  0  1  1  1  1  1  1  1  1  1  1  1  1  1  1  1  1  1  1  1  1  1  1  0  1  1  1  1  1  1  1  1  1  1  1  1  1  1  1  0  1  1  1  1  1  1  1  1  1  1  1  1  1  0  0  1  1  1  1  0  1  1  1  1  1  1  0  1  1  1  1  1  1  1  1  1  1  1  1  1  1  1  1  1  1  0  1  1  1  1  1  1  1  1  1  1  0  1  1  1  1  0  1  1  1  1  1  1  1  1  1  1  1  1  1  1  1  1  1  0  0  1  1  1  1  0  1  1  1  0  1  1  1  1  0  1  1  1  1  1  1  0  1  0  1  1  1  1  1  1  1  1  1  1  1  1  1  1  1  1  0  1  1  1  1  1  1  1  1  0  1  1  1  1  1  1  0  1  0  1  1  1  0  0  1  1  0  0  0  1  1  1  1  1  0  1  1  1  1  1  1  1  1  1  1  0  1  1  1  1  1  1  0  0.368421  1  1  1  1  0  1  0  1  1  1  1  0  1  1  1  1  1  1  1  0  1  1  0  1  0  0  1  1  1  1  1  1  1  1  0  1  1  0  1  1  1  1  1  1  0  0  1  1  1  1  1  1  1  1  0  1  1  1  1  1  1  1  1  1  1  1  1  1  1  1  1  1  0  1  1  1  1  1  1  1  0  1  1  1  1  1  1  1  0  0  1  1  1  1  0  0  0  1  0  1  1  1  0  1  1  1  1  0  1  0  1  1  1  0  1  1  1  0  1  1  1  0  1  1  1  1  1  1  0  1  1  1  1  1  0  1  1  1  1  1  1  1  1  1  

 end{itemize}begin{itemize}
item instances_kp/400_100_7.txt  
0  0  0  0  1  0  0  1  0  0  0  0  0  0  0  0  1  0  0  0  0  0  0  0  1  0  0  0  0  0  0  0  1  0  0  0  0  0  0  0  1  0  0  0  0  0  0  1  0  0  0  0  0  0  0  0  0  0  0  1  0  0  0  0  0  0  0  0  1  0  1  0  0  0  1  0  0  0  0  0  0  0  1  0  0  0  0  0  0  1  0  0  0  0  0  0  0  0  0  0  0  0  0  0  0  1  0  0  0  0  0  0  0  1  1  0  0  0  0  0  0  0  1  0  0  0  0  0  0  0  0  1  0  1  0  0  0  0  0  0  0  0  0  0  0  1  0  0  0  0  1  0  0  0  1  0  1  0  0  0  0  0  0  0  1  0  0  0  1  0  0  0  0  0  0  0  0  0  0  0  1  0  0  0  0  1  0  0  0  0  0  1  1  0  0  0  0  0  0  0  0  0  0  0  0  0  1  0  1  0  0  0  0  0  0  0  0  0  0  0  0  0  1  0  0  0  0  0  0  0  0  0  0  0  0  0  0  0  0  0  0  0  0  0  0  0  0  0  0  0  0  0  0  0  0  0  1  0  0  0  1  0  0  0  0  0  0  0  0  0  0  1  1  0  0  0  0  0  0  0  0  0  1  0  0  0  0  1  0  0  0  0  1  0  0  0  1  0  0.75  0  0  0  1  0  0  1  0  0  1  0  0  0  0  0  0  0  1  0  0  0  0  0  0  1  0  0  0  0  0  0  0  0  0  0  0  0  1  0  1  0  1  0  0  1  0  0  0  0  0  0  0  1  0  0  0  1  0  0  0  0  0  0  0  0  0  0  0  1  0  1  1  0  0  0  0  0  0  0  0  0  0  0  0  0  0  0  0  0  0  0  1  1  0  0  0  0  0  0  0  1  

 end{itemize}begin{itemize}
item instances_kp/400_100_8.txt  
0  1  1  1  1  1  1  1  1  1  1  1  1  1  1  1  1  1  1  1  1  1  1  1  1  1  1  0  1  1  1  1  1  1  1  1  1  1  1  1  1  0.166667  1  1  1  1  1  0  1  1  1  1  1  1  1  1  1  1  1  1  1  1  1  1  1  1  1  1  1  0  1  1  1  1  1  1  0  1  1  1  1  0  1  1  1  1  1  1  1  1  1  1  1  1  1  1  1  1  1  1  1  1  0  1  1  0  1  1  1  1  1  1  1  1  1  1  1  1  1  1  1  0  1  1  1  1  1  1  1  1  1  1  1  1  1  1  1  1  1  1  1  1  1  0  1  1  1  1  1  1  1  1  1  1  1  1  1  1  1  1  1  1  1  1  1  1  1  0  1  1  1  1  1  1  1  1  1  1  1  1  1  1  1  1  1  1  1  1  1  1  1  1  1  1  1  1  1  1  0  1  0  1  1  1  1  0  1  1  1  1  1  1  1  1  1  1  1  1  0  1  1  1  1  1  0  1  1  1  1  1  1  1  1  1  1  0  1  0  1  1  1  0  0  1  1  0  1  1  1  1  1  1  1  1  1  1  1  1  1  1  1  1  1  1  1  1  1  1  1  1  1  1  1  1  0  1  1  1  1  1  1  1  1  1  1  0  1  1  1  1  1  1  1  1  1  1  1  1  1  1  1  1  1  1  1  1  1  1  1  1  0  1  0  1  1  1  1  1  1  1  1  1  1  1  1  1  1  1  1  1  1  1  1  1  1  1  1  0  1  1  1  1  1  1  1  1  1  1  1  0  1  1  1  1  1  1  1  1  1  1  0  1  1  1  1  1  1  1  0  1  1  0  1  1  1  1  1  1  1  1  1  1  1  1  1  1  1  1  1  1  1  1  1  1  1  1  0  1  1  1  

 end{itemize}begin{itemize}
item instances_kp/400_100_9.txt  
0  0  1  1  1  1  0  0  0  0  1  1  1  0  1  0  0  0  0  0  1  0  0  1  0  0  1  0  0  0  0  0  1  1  1  1  1  1  0  0  0  0  1  0  0  1  1  0  0  0  1  0  1  1  0  1  1  0  0  0  0  0  0  0  1  0  1  0  0  0  1  0  1  0  0  0  0  1  0  0  0  1  0  0  0  1  1  1  0  0  0  1  1  1  1  0  0  0  1  0  0  1  0  1  0  0  0  0  0  0  0  0  0  0  1  0  0  0  0  0  0  0  0  1  1  0  0  0  0  0  0  0  0  0  0  0  0  0  0  1  0  0  0  0  1  0  1  0  0  0  0  0  0  1  0  0  0  1  1  0  1  0  1  1  0  0  1  0  0  0  0  1  1  1  0  1  0  0  1  0  0  0  0  1  0  0  0  0  1  0  0  1  0  0  0  0  1  1  0  0  1  1  0  0  0  1  1  1  0  0.470588  0  0  0  0  0  0  0  1  0  0  1  1  0  1  0  0  1  0  0  1  0  0  0  0  0  1  1  1  0  1  0  1  1  1  0  1  0  0  0  0  0  1  0  0  0  1  1  0  1  0  1  0  0  1  1  1  1  0  1  1  1  0  0  0  0  1  0  0  1  1  0  1  0  1  0  1  1  1  0  1  0  1  0  0  0  1  0  1  0  1  1  0  1  1  0  0  0  1  0  1  0  0  0  0  0  0  0  0  0  0  1  0  1  1  1  0  0  0  1  0  0  1  0  0  0  0  0  1  1  1  0  0  1  1  0  0  0  0  1  0  1  1  0  1  0  1  1  1  1  0  0  1  0  1  0  0  1  0  0  1  1  0  1  0  0  0  0  0  1  0  0  1  1  0  1  0  1  0  1  1  0  1  0  0  1  1  0  0  0  0  

 end{itemize}begin{itemize}
item instances_kp/400_100_10.txt  
0  0  1  0  0  0  0  0  0  0  1  0  0  0  0  0  0  0  0  1  0  0  0  0  0  0  1  0  0  0  0  1  0  1  0  0  0  0  1  0  0  1  1  0  1  0  0  0  0  0  1  0  0  0  0  1  0  0  1  1  0  1  0  0  0  0  0  0  1  0  0  0  0  1  0  0  0  1  1  0  0  1  1  1  1  0  1  0  0  0  1  0  1  0  1  0  1  0  1  0  1  0  0  0  0  0  1  1  0  0  0  1  0  0  0  0  1  1  0  0  0  0  0  1  1  1  1  0  1  0  1  0  0  0  0  1  1  1  1  1  0  1  0  0  0  1  0  1  1  0  0  1  1  1  0  1  0  0  0  1  0  1  0  0  0  0  0  0  1  1  0  0  0  0  0  1  0  0  0  1  1  0  0  0  1  1  1  0  1  0  0  0  0  0  1  1  0  0  1  1  0  0  0  0  0  0  0  0  0  0  0  1  0  0  0  1  0  1  0.315789  0  1  0  0  0  0  1  1  0  0  0  0  0  1  0  0  0  1  1  1  1  0  0  0  0  1  1  0  0  0  0  0  1  1  1  0  1  1  0  0  0  1  1  0  1  1  0  0  0  0  1  0  0  0  0  1  0  0  1  0  0  0  0  1  0  0  1  1  0  1  0  0  0  1  0  0  0  0  0  0  1  0  1  1  0  0  1  0  0  0  0  0  0  1  0  1  1  0  1  0  0  0  0  0  0  1  0  0  0  1  1  1  0  1  1  0  0  0  1  0  0  0  1  0  0  0  0  1  0  0  0  0  0  1  1  1  0  1  1  1  0  0  0  0  1  0  1  0  0  0  0  0  0  1  0  0  0  0  1  1  1  1  1  1  1  0  0  1  0  1  0  1  1  1  0  0  0  0  0  0  0  

 end{itemize}